<BATTLE_MAP_DEFINITION_DATA serialise_version='24'>
	<BATTLEFIELD_BUILDING_LIST serialise_version='1'>
		<BUILDINGS>
			<BUILDING serialise_version='8' building_id='' parent_id='-1' building_key='bst_yurt_a' position_type='BBPT_LF_RELATIVE' height_mode='BHM_ABSOLUTE'>
				<transform m00='0.515991' m01='0.062558' m02='-0.854306' m10='0.030409' m11='0.995363' m12='0.091254' m20='0.856054' m21='-0.073065' m22='0.511697' m30='1056.542725' m31='20.876400' m32='686.575195'/>
				<properties serialise_version='4' building_id='' starting_damage_unary='0.000000' on_fire='false' start_disabled='false' weak_point='false' ai_breachable='true' indestructible='false' dockable='true' toggleable='false' lite='false' clamp_to_surface='false' cast_shadows='true'/>
			</BUILDING>
			<BUILDING serialise_version='8' building_id='' parent_id='-1' building_key='bst_yurt_a' position_type='BBPT_LF_RELATIVE' height_mode='BHM_ABSOLUTE'>
				<transform m00='0.887285' m01='0.172664' m02='-0.427682' m10='-0.132213' m11='0.983585' m12='0.122800' m20='0.441865' m21='-0.052414' m22='0.895549' m30='1041.340088' m31='17.133854' m32='704.143677'/>
				<properties serialise_version='4' building_id='' starting_damage_unary='0.000000' on_fire='false' start_disabled='false' weak_point='false' ai_breachable='true' indestructible='false' dockable='true' toggleable='false' lite='false' clamp_to_surface='false' cast_shadows='true'/>
			</BUILDING>
			<BUILDING serialise_version='8' building_id='' parent_id='-1' building_key='bst_totem_a' position_type='BBPT_LF_RELATIVE' height_mode='BHM_ABSOLUTE'>
				<transform m00='-0.587496' m01='-0.005428' m02='0.809209' m10='-0.105819' m11='0.991906' m12='-0.070172' m20='-0.802278' m21='-0.126856' m22='-0.583316' m30='1051.521118' m31='20.915020' m32='682.567627'/>
				<properties serialise_version='4' building_id='' starting_damage_unary='0.000000' on_fire='false' start_disabled='false' weak_point='false' ai_breachable='true' indestructible='false' dockable='true' toggleable='false' lite='false' clamp_to_surface='false' cast_shadows='true'/>
			</BUILDING>
			<BUILDING serialise_version='8' building_id='' parent_id='-1' building_key='bst_yurt_a' position_type='BBPT_LF_RELATIVE' height_mode='BHM_ABSOLUTE'>
				<transform m00='-0.587778' m01='0.003819' m02='0.809013' m10='0.003058' m11='0.999992' m12='-0.002499' m20='-0.809016' m21='0.001005' m22='-0.587786' m30='1019.406677' m31='14.987713' m32='806.822754'/>
				<properties serialise_version='4' building_id='' starting_damage_unary='0.000000' on_fire='false' start_disabled='false' weak_point='false' ai_breachable='true' indestructible='false' dockable='true' toggleable='false' lite='false' clamp_to_surface='false' cast_shadows='true'/>
			</BUILDING>
			<BUILDING serialise_version='8' building_id='' parent_id='-1' building_key='bst_yurt_a' position_type='BBPT_LF_RELATIVE' height_mode='BHM_ABSOLUTE'>
				<transform m00='-0.983460' m01='0.180273' m02='-0.017527' m10='0.180315' m11='0.983609' m12='-0.000825' m20='0.017090' m21='-0.003972' m22='-0.999846' m30='1029.000977' m31='14.136391' m32='759.011719'/>
				<properties serialise_version='4' building_id='' starting_damage_unary='0.000000' on_fire='false' start_disabled='false' weak_point='false' ai_breachable='true' indestructible='false' dockable='true' toggleable='false' lite='false' clamp_to_surface='false' cast_shadows='true'/>
			</BUILDING>
			<BUILDING serialise_version='8' building_id='' parent_id='-1' building_key='bst_yurt_a' position_type='BBPT_LF_RELATIVE' height_mode='BHM_ABSOLUTE'>
				<transform m00='-0.999772' m01='-0.012685' m02='-0.017140' m10='-0.011830' m11='0.998723' m12='-0.049116' m20='0.017741' m21='-0.048902' m22='-0.998645' m30='1000.526306' m31='19.742859' m32='872.205200'/>
				<properties serialise_version='4' building_id='' starting_damage_unary='0.000000' on_fire='false' start_disabled='false' weak_point='false' ai_breachable='true' indestructible='false' dockable='true' toggleable='false' lite='false' clamp_to_surface='false' cast_shadows='true'/>
			</BUILDING>
			<BUILDING serialise_version='8' building_id='' parent_id='-1' building_key='bst_yurt_a' position_type='BBPT_LF_RELATIVE' height_mode='BHM_ABSOLUTE'>
				<transform m00='-0.121191' m01='-0.005353' m02='-0.992615' m10='-0.250205' m11='0.967861' m12='0.025329' m20='0.960578' m21='0.251427' m22='-0.118635' m30='974.050537' m31='17.250519' m32='897.203979'/>
				<properties serialise_version='4' building_id='' starting_damage_unary='0.000000' on_fire='false' start_disabled='false' weak_point='false' ai_breachable='true' indestructible='false' dockable='true' toggleable='false' lite='false' clamp_to_surface='false' cast_shadows='true'/>
			</BUILDING>
			<BUILDING serialise_version='8' building_id='' parent_id='-1' building_key='bst_yurt_a' position_type='BBPT_LF_RELATIVE' height_mode='BHM_ABSOLUTE'>
				<transform m00='-0.463521' m01='-0.126265' m02='-0.877043' m10='-0.093834' m11='0.991224' m12='-0.093112' m20='0.881103' m21='0.039138' m22='-0.471301' m30='984.460510' m31='18.046261' m32='859.131409'/>
				<properties serialise_version='4' building_id='' starting_damage_unary='0.000000' on_fire='false' start_disabled='false' weak_point='false' ai_breachable='true' indestructible='false' dockable='true' toggleable='false' lite='false' clamp_to_surface='false' cast_shadows='true'/>
			</BUILDING>
			<BUILDING serialise_version='8' building_id='' parent_id='-1' building_key='bst_yurt_a' position_type='BBPT_LF_RELATIVE' height_mode='BHM_ABSOLUTE'>
				<transform m00='0.719207' m01='-0.014472' m02='-0.694645' m10='0.018369' m11='0.999830' m12='-0.001811' m20='0.694553' m21='-0.011457' m22='0.719350' m30='1004.773438' m31='19.976055' m32='897.865906'/>
				<properties serialise_version='4' building_id='' starting_damage_unary='0.000000' on_fire='false' start_disabled='false' weak_point='false' ai_breachable='true' indestructible='false' dockable='true' toggleable='false' lite='false' clamp_to_surface='false' cast_shadows='true'/>
			</BUILDING>
			<BUILDING serialise_version='8' building_id='' parent_id='-1' building_key='bst_yurt_a' position_type='BBPT_LF_RELATIVE' height_mode='BHM_ABSOLUTE'>
				<transform m00='0.980757' m01='0.037977' m02='-0.191504' m10='-0.045792' m11='0.998282' m12='-0.036548' m20='0.189787' m21='0.044614' m22='0.980811' m30='1033.984619' m31='15.227158' m32='947.946655'/>
				<properties serialise_version='4' building_id='' starting_damage_unary='0.000000' on_fire='false' start_disabled='false' weak_point='false' ai_breachable='true' indestructible='false' dockable='true' toggleable='false' lite='false' clamp_to_surface='false' cast_shadows='true'/>
			</BUILDING>
			<BUILDING serialise_version='8' building_id='' parent_id='-1' building_key='bst_yurt_a' position_type='BBPT_LF_RELATIVE' height_mode='BHM_ABSOLUTE'>
				<transform m00='0.945203' m01='-0.030241' m02='0.325081' m10='0.020899' m11='0.999263' m12='0.032192' m20='-0.325815' m21='-0.023634' m22='0.945138' m30='1028.962280' m31='15.091362' m32='986.149719'/>
				<properties serialise_version='4' building_id='' starting_damage_unary='0.000000' on_fire='false' start_disabled='false' weak_point='false' ai_breachable='true' indestructible='false' dockable='true' toggleable='false' lite='false' clamp_to_surface='false' cast_shadows='true'/>
			</BUILDING>
			<BUILDING serialise_version='8' building_id='' parent_id='-1' building_key='bst_yurt_a' position_type='BBPT_LF_RELATIVE' height_mode='BHM_ABSOLUTE'>
				<transform m00='0.418320' m01='0.088079' m02='0.904019' m10='-0.097291' m11='0.993906' m12='-0.051818' m20='-0.903074' m21='-0.066276' m22='0.424340' m30='1063.390137' m31='19.791260' m32='1029.850952'/>
				<properties serialise_version='4' building_id='' starting_damage_unary='0.000000' on_fire='false' start_disabled='false' weak_point='false' ai_breachable='true' indestructible='false' dockable='true' toggleable='false' lite='false' clamp_to_surface='false' cast_shadows='true'/>
			</BUILDING>
			<BUILDING serialise_version='8' building_id='' parent_id='-1' building_key='bst_yurt_a' position_type='BBPT_LF_RELATIVE' height_mode='BHM_ABSOLUTE'>
				<transform m00='0.420031' m01='0.038069' m02='0.906711' m10='-0.135280' m11='0.990583' m12='0.021077' m20='-0.897370' m21='-0.131513' m22='0.421225' m30='1060.338013' m31='18.514870' m32='1062.626221'/>
				<properties serialise_version='4' building_id='' starting_damage_unary='0.000000' on_fire='false' start_disabled='false' weak_point='false' ai_breachable='true' indestructible='false' dockable='true' toggleable='false' lite='false' clamp_to_surface='false' cast_shadows='true'/>
			</BUILDING>
			<BUILDING serialise_version='8' building_id='' parent_id='-1' building_key='bst_yurt_a' position_type='BBPT_LF_RELATIVE' height_mode='BHM_ABSOLUTE'>
				<transform m00='-0.422615' m01='-0.002139' m02='0.906306' m10='-0.002087' m11='0.999997' m12='0.001388' m20='-0.906306' m21='-0.001305' m22='-0.422618' m30='1028.190796' m31='14.998226' m32='1054.954834'/>
				<properties serialise_version='4' building_id='' starting_damage_unary='0.000000' on_fire='false' start_disabled='false' weak_point='false' ai_breachable='true' indestructible='false' dockable='true' toggleable='false' lite='false' clamp_to_surface='false' cast_shadows='true'/>
			</BUILDING>
			<BUILDING serialise_version='8' building_id='' parent_id='-1' building_key='bst_yurt_a' position_type='BBPT_LF_RELATIVE' height_mode='BHM_ABSOLUTE'>
				<transform m00='-0.698738' m01='-0.157055' m02='0.697925' m10='-0.105907' m11='0.987563' m12='0.116202' m20='-0.707495' m21='0.007279' m22='-0.706681' m30='999.658813' m31='14.244774' m32='1022.942627'/>
				<properties serialise_version='4' building_id='' starting_damage_unary='0.000000' on_fire='false' start_disabled='false' weak_point='false' ai_breachable='true' indestructible='false' dockable='true' toggleable='false' lite='false' clamp_to_surface='false' cast_shadows='true'/>
			</BUILDING>
			<BUILDING serialise_version='8' building_id='' parent_id='-1' building_key='bst_yurt_a' position_type='BBPT_LF_RELATIVE' height_mode='BHM_ABSOLUTE'>
				<transform m00='-0.706046' m01='-0.037615' m02='0.707165' m10='-0.056288' m11='0.998410' m12='-0.003092' m20='-0.705924' m21='-0.041988' m22='-0.707041' m30='1041.086426' m31='15.135319' m32='1037.452515'/>
				<properties serialise_version='4' building_id='' starting_damage_unary='0.000000' on_fire='false' start_disabled='false' weak_point='false' ai_breachable='true' indestructible='false' dockable='true' toggleable='false' lite='false' clamp_to_surface='false' cast_shadows='true'/>
			</BUILDING>
			<BUILDING serialise_version='8' building_id='' parent_id='-1' building_key='bst_herdstone_single_a' position_type='BBPT_LF_RELATIVE' height_mode='BHM_ABSOLUTE'>
				<transform m00='-0.602083' m01='-0.169015' m02='0.780339' m10='0.003145' m11='0.976829' m12='0.214000' m20='-0.798427' m21='0.131300' m22='-0.587600' m30='1098.394653' m31='7.630550' m32='936.510376'/>
				<properties serialise_version='4' building_id='' starting_damage_unary='0.000000' on_fire='false' start_disabled='false' weak_point='false' ai_breachable='true' indestructible='false' dockable='true' toggleable='false' lite='false' clamp_to_surface='false' cast_shadows='true'/>
			</BUILDING>
			<BUILDING serialise_version='8' building_id='' parent_id='-1' building_key='bst_herdstone_single_b' position_type='BBPT_LF_RELATIVE' height_mode='BHM_ABSOLUTE'>
				<transform m00='-0.599729' m01='-0.040188' m02='0.799194' m10='-0.103516' m11='0.994242' m12='-0.027684' m20='-0.793480' m21='-0.099332' m22='-0.600436' m30='1090.285889' m31='7.993279' m32='902.478516'/>
				<properties serialise_version='4' building_id='' starting_damage_unary='0.000000' on_fire='false' start_disabled='false' weak_point='false' ai_breachable='true' indestructible='false' dockable='true' toggleable='false' lite='false' clamp_to_surface='false' cast_shadows='true'/>
			</BUILDING>
			<BUILDING serialise_version='8' building_id='' parent_id='-1' building_key='bst_herdstone_single_c' position_type='BBPT_LF_RELATIVE' height_mode='BHM_ABSOLUTE'>
				<transform m00='-0.603760' m01='-0.051977' m02='0.795470' m10='0.074473' m11='0.989830' m12='0.121201' m20='-0.793680' m21='0.132418' m22='-0.593749' m30='1056.993408' m31='11.822205' m32='856.903564'/>
				<properties serialise_version='4' building_id='' starting_damage_unary='0.000000' on_fire='false' start_disabled='false' weak_point='false' ai_breachable='true' indestructible='false' dockable='true' toggleable='false' lite='false' clamp_to_surface='false' cast_shadows='true'/>
			</BUILDING>
			<BUILDING serialise_version='8' building_id='' parent_id='-1' building_key='bst_herdstone_single_d' position_type='BBPT_LF_RELATIVE' height_mode='BHM_ABSOLUTE'>
				<transform m00='-0.600196' m01='-0.051512' m02='0.798192' m10='-0.062777' m11='0.997879' m12='0.017194' m20='-0.797385' m21='-0.039789' m22='-0.602157' m30='1055.119263' m31='13.098431' m32='818.276123'/>
				<properties serialise_version='4' building_id='' starting_damage_unary='0.000000' on_fire='false' start_disabled='false' weak_point='false' ai_breachable='true' indestructible='false' dockable='true' toggleable='false' lite='false' clamp_to_surface='false' cast_shadows='true'/>
			</BUILDING>
			<BUILDING serialise_version='8' building_id='' parent_id='-1' building_key='bst_herdstone_single_c' position_type='BBPT_LF_RELATIVE' height_mode='BHM_ABSOLUTE'>
				<transform m00='-0.594717' m01='-0.082364' m02='0.799705' m10='-0.171042' m11='0.984927' m12='-0.025759' m20='-0.785529' m21='-0.152102' m22='-0.599840' m30='1064.564819' m31='12.250986' m32='792.982727'/>
				<properties serialise_version='4' building_id='' starting_damage_unary='0.000000' on_fire='false' start_disabled='false' weak_point='false' ai_breachable='true' indestructible='false' dockable='true' toggleable='false' lite='false' clamp_to_surface='false' cast_shadows='true'/>
			</BUILDING>
			<BUILDING serialise_version='8' building_id='' parent_id='-1' building_key='bst_herdstone_single_b' position_type='BBPT_LF_RELATIVE' height_mode='BHM_ABSOLUTE'>
				<transform m00='-0.596845' m01='0.106534' m02='0.795253' m10='0.093010' m11='0.993651' m12='-0.063307' m20='-0.796948' m21='0.036182' m22='-0.602964' m30='1084.050171' m31='5.480671' m32='744.967651'/>
				<properties serialise_version='4' building_id='' starting_damage_unary='0.000000' on_fire='false' start_disabled='false' weak_point='false' ai_breachable='true' indestructible='false' dockable='true' toggleable='false' lite='false' clamp_to_surface='false' cast_shadows='true'/>
			</BUILDING>
			<BUILDING serialise_version='8' building_id='' parent_id='-1' building_key='bst_herdstone_single_b' position_type='BBPT_LF_RELATIVE' height_mode='BHM_ABSOLUTE'>
				<transform m00='-0.994382' m01='0.018197' m02='-0.104274' m10='0.015359' m11='0.999491' m12='0.027959' m20='0.104730' m21='0.026200' m22='-0.994155' m30='1107.652466' m31='13.460114' m32='685.319458'/>
				<properties serialise_version='4' building_id='' starting_damage_unary='0.000000' on_fire='false' start_disabled='false' weak_point='false' ai_breachable='true' indestructible='false' dockable='true' toggleable='false' lite='false' clamp_to_surface='false' cast_shadows='true'/>
			</BUILDING>
			<BUILDING serialise_version='8' building_id='' parent_id='-1' building_key='bst_herdstone_single_c' position_type='BBPT_LF_RELATIVE' height_mode='BHM_ABSOLUTE'>
				<transform m00='-0.993908' m01='-0.041469' m02='-0.102105' m10='-0.029457' m11='0.992758' m12='-0.116462' m20='0.106195' m21='-0.112745' m22='-0.987932' m30='1137.297363' m31='4.736851' m32='662.590332'/>
				<properties serialise_version='4' building_id='' starting_damage_unary='0.000000' on_fire='false' start_disabled='false' weak_point='false' ai_breachable='true' indestructible='false' dockable='true' toggleable='false' lite='false' clamp_to_surface='false' cast_shadows='true'/>
			</BUILDING>
			<BUILDING serialise_version='8' building_id='' parent_id='-1' building_key='bst_herdstone_a' position_type='BBPT_LF_RELATIVE' height_mode='BHM_ABSOLUTE'>
				<transform m00='-0.985626' m01='-0.137463' m02='-0.098208' m10='-0.128616' m11='0.987475' m12='-0.091381' m20='0.109539' m21='-0.077437' m22='-0.990961' m30='1175.493530' m31='11.451902' m32='660.419006'/>
				<properties serialise_version='4' building_id='' starting_damage_unary='0.000000' on_fire='false' start_disabled='false' weak_point='false' ai_breachable='true' indestructible='false' dockable='true' toggleable='false' lite='false' clamp_to_surface='false' cast_shadows='true'/>
			</BUILDING>
			<BUILDING serialise_version='8' building_id='' parent_id='-1' building_key='bst_herdstone_single_a' position_type='BBPT_LF_RELATIVE' height_mode='BHM_ABSOLUTE'>
				<transform m00='0.086496' m01='0.143310' m02='-0.985891' m10='-0.009164' m11='0.989672' m12='0.143056' m20='0.996210' m21='-0.003339' m22='0.086915' m30='1201.678833' m31='13.556526' m32='647.459595'/>
				<properties serialise_version='4' building_id='' starting_damage_unary='0.000000' on_fire='false' start_disabled='false' weak_point='false' ai_breachable='true' indestructible='false' dockable='true' toggleable='false' lite='false' clamp_to_surface='false' cast_shadows='true'/>
			</BUILDING>
			<BUILDING serialise_version='8' building_id='' parent_id='-1' building_key='bst_herdstone_single_a' position_type='BBPT_LF_RELATIVE' height_mode='BHM_ABSOLUTE'>
				<transform m00='0.707028' m01='0.008421' m02='-0.707136' m10='-0.018730' m11='0.999801' m12='-0.006821' m20='0.706938' m21='0.018068' m22='0.707045' m30='1244.787354' m31='6.719933' m32='645.128357'/>
				<properties serialise_version='4' building_id='' starting_damage_unary='0.000000' on_fire='false' start_disabled='false' weak_point='false' ai_breachable='true' indestructible='false' dockable='true' toggleable='false' lite='false' clamp_to_surface='false' cast_shadows='true'/>
			</BUILDING>
			<BUILDING serialise_version='8' building_id='' parent_id='-1' building_key='bst_herdstone_single_d' position_type='BBPT_LF_RELATIVE' height_mode='BHM_ABSOLUTE'>
				<transform m00='0.691300' m01='-0.180941' m02='-0.699546' m10='0.173091' m11='0.981419' m12='-0.082798' m20='0.701529' m21='-0.063847' m22='0.709775' m30='1258.177002' m31='6.239149' m32='646.144165'/>
				<properties serialise_version='4' building_id='' starting_damage_unary='0.000000' on_fire='false' start_disabled='false' weak_point='false' ai_breachable='true' indestructible='false' dockable='true' toggleable='false' lite='false' clamp_to_surface='false' cast_shadows='true'/>
			</BUILDING>
			<BUILDING serialise_version='8' building_id='' parent_id='-1' building_key='bst_herdstone_single_d' position_type='BBPT_LF_RELATIVE' height_mode='BHM_ABSOLUTE'>
				<transform m00='0.708099' m01='-0.018036' m02='-0.705882' m10='-0.109254' m11='0.984837' m12='-0.134761' m20='0.697609' m21='0.172544' m22='0.695392' m30='1306.993042' m31='12.649791' m32='666.519287'/>
				<properties serialise_version='4' building_id='' starting_damage_unary='0.000000' on_fire='false' start_disabled='false' weak_point='false' ai_breachable='true' indestructible='false' dockable='true' toggleable='false' lite='false' clamp_to_surface='false' cast_shadows='true'/>
			</BUILDING>
			<BUILDING serialise_version='8' building_id='' parent_id='-1' building_key='bst_herdstone_a' position_type='BBPT_LF_RELATIVE' height_mode='BHM_ABSOLUTE'>
				<transform m00='0.707316' m01='0.015089' m02='-0.706736' m10='0.027691' m11='0.998413' m12='0.049031' m20='0.706355' m21='-0.054250' m22='0.705776' m30='1302.971558' m31='12.434324' m32='663.562866'/>
				<properties serialise_version='4' building_id='' starting_damage_unary='0.000000' on_fire='false' start_disabled='false' weak_point='false' ai_breachable='true' indestructible='false' dockable='true' toggleable='false' lite='false' clamp_to_surface='false' cast_shadows='true'/>
			</BUILDING>
			<BUILDING serialise_version='8' building_id='' parent_id='-1' building_key='bst_herdstone_single_c' position_type='BBPT_LF_RELATIVE' height_mode='BHM_ABSOLUTE'>
				<transform m00='0.695353' m01='0.032867' m02='0.717916' m10='0.042156' m11='0.995368' m12='-0.086400' m20='-0.717431' m21='0.090343' m22='0.690747' m30='1363.402100' m31='12.353325' m32='736.538879'/>
				<properties serialise_version='4' building_id='' starting_damage_unary='0.000000' on_fire='false' start_disabled='false' weak_point='false' ai_breachable='true' indestructible='false' dockable='true' toggleable='false' lite='false' clamp_to_surface='false' cast_shadows='true'/>
			</BUILDING>
			<BUILDING serialise_version='8' building_id='' parent_id='-1' building_key='bst_herdstone_single_c' position_type='BBPT_LF_RELATIVE' height_mode='BHM_ABSOLUTE'>
				<transform m00='-0.309977' m01='-0.035935' m02='0.950065' m10='0.053362' m11='0.997053' m12='0.055123' m20='-0.949245' m21='0.067784' m22='-0.307146' m30='1394.494873' m31='11.060844' m32='759.347778'/>
				<properties serialise_version='4' building_id='' starting_damage_unary='0.000000' on_fire='false' start_disabled='false' weak_point='false' ai_breachable='true' indestructible='false' dockable='true' toggleable='false' lite='false' clamp_to_surface='false' cast_shadows='true'/>
			</BUILDING>
			<BUILDING serialise_version='8' building_id='' parent_id='-1' building_key='bst_herdstone_single_b' position_type='BBPT_LF_RELATIVE' height_mode='BHM_ABSOLUTE'>
				<transform m00='-0.308972' m01='0.011237' m02='0.951004' m10='0.007906' m11='0.999926' m12='-0.009246' m20='-0.951038' m21='0.004662' m22='-0.309038' m30='1412.731567' m31='11.548920' m32='776.656433'/>
				<properties serialise_version='4' building_id='' starting_damage_unary='0.000000' on_fire='false' start_disabled='false' weak_point='false' ai_breachable='true' indestructible='false' dockable='true' toggleable='false' lite='false' clamp_to_surface='false' cast_shadows='true'/>
			</BUILDING>
			<BUILDING serialise_version='8' building_id='' parent_id='-1' building_key='bst_herdstone_single_b' position_type='BBPT_LF_RELATIVE' height_mode='BHM_ABSOLUTE'>
				<transform m00='-0.308635' m01='0.047818' m02='0.949978' m10='0.015971' m11='0.998855' m12='-0.045089' m20='-0.951046' m21='0.001256' m22='-0.309045' m30='1384.491211' m31='13.033907' m32='820.841553'/>
				<properties serialise_version='4' building_id='' starting_damage_unary='0.000000' on_fire='false' start_disabled='false' weak_point='false' ai_breachable='true' indestructible='false' dockable='true' toggleable='false' lite='false' clamp_to_surface='false' cast_shadows='true'/>
			</BUILDING>
			<BUILDING serialise_version='8' building_id='' parent_id='-1' building_key='bst_herdstone_single_b' position_type='BBPT_LF_RELATIVE' height_mode='BHM_ABSOLUTE'>
				<transform m00='-0.308823' m01='-0.009250' m02='0.951074' m10='-0.042174' m11='0.999102' m12='-0.003977' m20='-0.950184' m21='-0.041339' m22='-0.308935' m30='1357.602539' m31='6.317863' m32='877.435669'/>
				<properties serialise_version='4' building_id='' starting_damage_unary='0.000000' on_fire='false' start_disabled='false' weak_point='false' ai_breachable='true' indestructible='false' dockable='true' toggleable='false' lite='false' clamp_to_surface='false' cast_shadows='true'/>
			</BUILDING>
			<BUILDING serialise_version='8' building_id='' parent_id='-1' building_key='bst_herdstone_single_d' position_type='BBPT_LF_RELATIVE' height_mode='BHM_ABSOLUTE'>
				<transform m00='-0.307216' m01='-0.070125' m02='0.949052' m10='-0.051265' m11='0.997053' m12='0.057076' m20='-0.950258' m21='-0.031119' m22='-0.309906' m30='1344.415039' m31='4.495682' m32='891.064880'/>
				<properties serialise_version='4' building_id='' starting_damage_unary='0.000000' on_fire='false' start_disabled='false' weak_point='false' ai_breachable='true' indestructible='false' dockable='true' toggleable='false' lite='false' clamp_to_surface='false' cast_shadows='true'/>
			</BUILDING>
			<BUILDING serialise_version='8' building_id='' parent_id='-1' building_key='bst_herdstone_single_d' position_type='BBPT_LF_RELATIVE' height_mode='BHM_ABSOLUTE'>
				<transform m00='-0.798770' m01='0.011877' m02='-0.601519' m10='-0.022643' m11='0.998503' m12='0.049784' m20='0.601210' m21='0.053386' m22='-0.797306' m30='1305.204102' m31='8.384741' m32='929.648926'/>
				<properties serialise_version='4' building_id='' starting_damage_unary='0.000000' on_fire='false' start_disabled='false' weak_point='false' ai_breachable='true' indestructible='false' dockable='true' toggleable='false' lite='false' clamp_to_surface='false' cast_shadows='true'/>
			</BUILDING>
			<BUILDING serialise_version='8' building_id='' parent_id='-1' building_key='bst_herdstone_a' position_type='BBPT_LF_RELATIVE' height_mode='BHM_ABSOLUTE'>
				<transform m00='-0.797175' m01='0.087805' m02='-0.597328' m10='0.033161' m11='0.994242' m12='0.101894' m20='0.602836' m21='0.061419' m22='-0.795497' m30='1283.427856' m31='7.822884' m32='947.927795'/>
				<properties serialise_version='4' building_id='' starting_damage_unary='0.000000' on_fire='false' start_disabled='false' weak_point='false' ai_breachable='true' indestructible='false' dockable='true' toggleable='false' lite='false' clamp_to_surface='false' cast_shadows='true'/>
			</BUILDING>
			<BUILDING serialise_version='8' building_id='' parent_id='-1' building_key='bst_herdstone_single_d' position_type='BBPT_LF_RELATIVE' height_mode='BHM_ABSOLUTE'>
				<transform m00='-0.795811' m01='-0.055581' m02='-0.602988' m10='-0.101320' m11='0.993963' m12='0.042100' m20='0.597008' m21='0.094599' m22='-0.796638' m30='1282.700562' m31='11.029762' m32='976.621338'/>
				<properties serialise_version='4' building_id='' starting_damage_unary='0.000000' on_fire='false' start_disabled='false' weak_point='false' ai_breachable='true' indestructible='false' dockable='true' toggleable='false' lite='false' clamp_to_surface='false' cast_shadows='true'/>
			</BUILDING>
			<BUILDING serialise_version='8' building_id='' parent_id='-1' building_key='bst_herdstone_single_c' position_type='BBPT_LF_RELATIVE' height_mode='BHM_ABSOLUTE'>
				<transform m00='-0.788617' m01='0.125815' m02='-0.601876' m10='0.158261' m11='0.987397' m12='-0.000961' m20='0.594169' m21='-0.096012' m22='-0.798589' m30='1273.895386' m31='12.165124' m32='1005.970764'/>
				<properties serialise_version='4' building_id='' starting_damage_unary='0.000000' on_fire='false' start_disabled='false' weak_point='false' ai_breachable='true' indestructible='false' dockable='true' toggleable='false' lite='false' clamp_to_surface='false' cast_shadows='true'/>
			</BUILDING>
			<BUILDING serialise_version='8' building_id='' parent_id='-1' building_key='bst_herdstone_single_d' position_type='BBPT_LF_RELATIVE' height_mode='BHM_ABSOLUTE'>
				<transform m00='-0.781133' m01='-0.163529' m02='-0.602569' m10='-0.211632' m11='0.977307' m12='0.009119' m20='0.587404' m21='0.134647' m22='-0.798015' m30='1282.040405' m31='8.065565' m32='1030.683472'/>
				<properties serialise_version='4' building_id='' starting_damage_unary='0.000000' on_fire='false' start_disabled='false' weak_point='false' ai_breachable='true' indestructible='false' dockable='true' toggleable='false' lite='false' clamp_to_surface='false' cast_shadows='true'/>
			</BUILDING>
			<BUILDING serialise_version='8' building_id='' parent_id='-1' building_key='bst_herdstone_single_d' position_type='BBPT_LF_RELATIVE' height_mode='BHM_ABSOLUTE'>
				<transform m00='-0.799092' m01='-0.032387' m02='-0.600336' m10='0.028111' m11='0.995443' m12='-0.091119' m20='0.600551' m21='-0.089689' m22='-0.794540' m30='1265.119995' m31='12.911002' m32='1061.445190'/>
				<properties serialise_version='4' building_id='' starting_damage_unary='0.000000' on_fire='false' start_disabled='false' weak_point='false' ai_breachable='true' indestructible='false' dockable='true' toggleable='false' lite='false' clamp_to_surface='false' cast_shadows='true'/>
			</BUILDING>
			<BUILDING serialise_version='8' building_id='' parent_id='-1' building_key='bst_herdstone_single_c' position_type='BBPT_LF_RELATIVE' height_mode='BHM_ABSOLUTE'>
				<transform m00='-0.796980' m01='0.065061' m02='-0.600490' m10='0.050809' m11='0.997879' m12='0.040682' m20='0.601863' m21='0.001912' m22='-0.798596' m30='1241.099243' m31='13.023405' m32='1061.866089'/>
				<properties serialise_version='4' building_id='' starting_damage_unary='0.000000' on_fire='false' start_disabled='false' weak_point='false' ai_breachable='true' indestructible='false' dockable='true' toggleable='false' lite='false' clamp_to_surface='false' cast_shadows='true'/>
			</BUILDING>
			<BUILDING serialise_version='8' building_id='' parent_id='-1' building_key='bst_herdstone_single_a' position_type='BBPT_LF_RELATIVE' height_mode='BHM_ABSOLUTE'>
				<transform m00='-0.770070' m01='0.224039' m02='-0.597326' m10='0.250825' m11='0.967230' m12='0.039415' m20='0.586582' m21='-0.119472' m22='-0.801029' m30='1182.466431' m31='11.864795' m32='1058.316284'/>
				<properties serialise_version='4' building_id='' starting_damage_unary='0.000000' on_fire='false' start_disabled='false' weak_point='false' ai_breachable='true' indestructible='false' dockable='true' toggleable='false' lite='false' clamp_to_surface='false' cast_shadows='true'/>
			</BUILDING>
			<BUILDING serialise_version='8' building_id='' parent_id='-1' building_key='bst_herdstone_single_a' position_type='BBPT_LF_RELATIVE' height_mode='BHM_ABSOLUTE'>
				<transform m00='-0.513332' m01='-0.042331' m02='-0.857144' m10='-0.080436' m11='0.996759' m12='-0.001054' m20='0.854411' m21='0.068404' m22='-0.515073' m30='1148.309692' m31='8.047295' m32='1003.466431'/>
				<properties serialise_version='4' building_id='' starting_damage_unary='0.000000' on_fire='false' start_disabled='false' weak_point='false' ai_breachable='true' indestructible='false' dockable='true' toggleable='false' lite='false' clamp_to_surface='false' cast_shadows='true'/>
			</BUILDING>
			<BUILDING serialise_version='8' building_id='' parent_id='-1' building_key='bst_herdstone_single_c' position_type='BBPT_LF_RELATIVE' height_mode='BHM_ABSOLUTE'>
				<transform m00='0.193127' m01='0.065040' m02='-0.979015' m10='0.071090' m11='0.994251' m12='0.080075' m20='0.978595' m21='-0.085063' m22='0.187393' m30='1164.040405' m31='8.859024' m32='1013.005798'/>
				<properties serialise_version='4' building_id='' starting_damage_unary='0.000000' on_fire='false' start_disabled='false' weak_point='false' ai_breachable='true' indestructible='false' dockable='true' toggleable='false' lite='false' clamp_to_surface='false' cast_shadows='true'/>
			</BUILDING>
			<BUILDING serialise_version='8' building_id='' parent_id='-1' building_key='bst_herdstone_single_c' position_type='BBPT_LF_RELATIVE' height_mode='BHM_ABSOLUTE'>
				<transform m00='0.178310' m01='-0.300081' m02='-0.937100' m10='0.081369' m11='0.953598' m12='-0.289881' m20='0.980604' m21='-0.024562' m22='0.194453' m30='1088.022705' m31='11.628489' m32='985.372070'/>
				<properties serialise_version='4' building_id='' starting_damage_unary='0.000000' on_fire='false' start_disabled='false' weak_point='false' ai_breachable='true' indestructible='false' dockable='true' toggleable='false' lite='false' clamp_to_surface='false' cast_shadows='true'/>
			</BUILDING>
			<BUILDING serialise_version='8' building_id='' parent_id='-1' building_key='bst_herdstone_single_a' position_type='BBPT_LF_RELATIVE' height_mode='BHM_ABSOLUTE'>
				<transform m00='0.192134' m01='-0.036397' m02='-0.980693' m10='-0.072661' m11='0.996042' m12='-0.051202' m20='0.978675' m21='0.081096' m22='0.188729' m30='1085.414551' m31='11.741354' m32='975.507202'/>
				<properties serialise_version='4' building_id='' starting_damage_unary='0.000000' on_fire='false' start_disabled='false' weak_point='false' ai_breachable='true' indestructible='false' dockable='true' toggleable='false' lite='false' clamp_to_surface='false' cast_shadows='true'/>
			</BUILDING>
			<BUILDING serialise_version='8' building_id='' parent_id='-1' building_key='bst_herdstone_a' position_type='BBPT_LF_RELATIVE' height_mode='BHM_ABSOLUTE'>
				<transform m00='0.963778' m01='0.108227' m02='0.243760' m10='-0.119977' m11='0.992200' m12='0.033837' m20='-0.238196' m21='-0.061857' m22='0.969245' m30='1081.769653' m31='12.402629' m32='980.978821'/>
				<properties serialise_version='4' building_id='' starting_damage_unary='0.000000' on_fire='false' start_disabled='false' weak_point='false' ai_breachable='true' indestructible='false' dockable='true' toggleable='false' lite='false' clamp_to_surface='false' cast_shadows='true'/>
			</BUILDING>
			<BUILDING serialise_version='8' building_id='' parent_id='-1' building_key='bst_banner_a' position_type='BBPT_LF_RELATIVE' height_mode='BHM_ABSOLUTE'>
				<transform m00='-0.207999' m01='-0.006249' m02='-0.978109' m10='0.028173' m11='0.999526' m12='-0.012377' m20='0.977723' m21='-0.030131' m22='-0.207725' m30='1090.846924' m31='19.894089' m32='1062.968384'/>
				<properties serialise_version='4' building_id='' starting_damage_unary='0.000000' on_fire='false' start_disabled='false' weak_point='false' ai_breachable='true' indestructible='false' dockable='true' toggleable='false' lite='false' clamp_to_surface='false' cast_shadows='true'/>
			</BUILDING>
			<BUILDING serialise_version='8' building_id='' parent_id='-1' building_key='glb_barrel_02' position_type='BBPT_LF_RELATIVE' height_mode='BHM_ABSOLUTE'>
				<transform m00='0.990874' m01='0.134791' m02='-0.000071' m10='-0.134791' m11='0.990874' m12='-0.001050' m20='-0.000071' m21='0.001050' m22='0.999999' m30='1060.046631' m31='18.414255' m32='1068.918335'/>
				<properties serialise_version='4' building_id='' starting_damage_unary='0.000000' on_fire='false' start_disabled='false' weak_point='false' ai_breachable='true' indestructible='false' dockable='true' toggleable='false' lite='false' clamp_to_surface='false' cast_shadows='true'/>
			</BUILDING>
			<BUILDING serialise_version='8' building_id='' parent_id='-1' building_key='glb_barrel_02' position_type='BBPT_LF_RELATIVE' height_mode='BHM_ABSOLUTE'>
				<transform m00='0.996534' m01='0.083181' m02='-0.000078' m10='-0.083181' m11='0.996533' m12='-0.001862' m20='-0.000078' m21='0.001862' m22='0.999998' m30='1044.368408' m31='15.271345' m32='1031.405029'/>
				<properties serialise_version='4' building_id='' starting_damage_unary='0.000000' on_fire='false' start_disabled='false' weak_point='false' ai_breachable='true' indestructible='false' dockable='true' toggleable='false' lite='false' clamp_to_surface='false' cast_shadows='true'/>
			</BUILDING>
			<BUILDING serialise_version='8' building_id='' parent_id='-1' building_key='glb_barrel_02' position_type='BBPT_LF_RELATIVE' height_mode='BHM_ABSOLUTE'>
				<transform m00='0.998839' m01='0.048176' m02='-0.000848' m10='-0.048176' m11='0.998220' m12='-0.035162' m20='-0.000848' m21='0.035162' m22='0.999381' m30='1031.630859' m31='15.395584' m32='954.552185'/>
				<properties serialise_version='4' building_id='' starting_damage_unary='0.000000' on_fire='false' start_disabled='false' weak_point='false' ai_breachable='true' indestructible='false' dockable='true' toggleable='false' lite='false' clamp_to_surface='false' cast_shadows='true'/>
			</BUILDING>
			<BUILDING serialise_version='8' building_id='' parent_id='-1' building_key='glb_barrel_02' position_type='BBPT_LF_RELATIVE' height_mode='BHM_ABSOLUTE'>
				<transform m00='1.000000' m01='0.000007' m02='0.000000' m10='-0.000007' m11='1.000000' m12='0.000007' m20='0.000000' m21='-0.000007' m22='1.000000' m30='999.837341' m31='20.000002' m32='899.165771'/>
				<properties serialise_version='4' building_id='' starting_damage_unary='0.000000' on_fire='false' start_disabled='false' weak_point='false' ai_breachable='true' indestructible='false' dockable='true' toggleable='false' lite='false' clamp_to_surface='false' cast_shadows='true'/>
			</BUILDING>
			<BUILDING serialise_version='8' building_id='' parent_id='-1' building_key='glb_barrel_02' position_type='BBPT_LF_RELATIVE' height_mode='BHM_ABSOLUTE'>
				<transform m00='0.982619' m01='0.185629' m02='-0.001429' m10='-0.185629' m11='0.982501' m12='-0.015260' m20='-0.001429' m21='0.015260' m22='0.999883' m30='978.116516' m31='18.795406' m32='880.856140'/>
				<properties serialise_version='4' building_id='' starting_damage_unary='0.000000' on_fire='false' start_disabled='false' weak_point='false' ai_breachable='true' indestructible='false' dockable='true' toggleable='false' lite='false' clamp_to_surface='false' cast_shadows='true'/>
			</BUILDING>
			<BUILDING serialise_version='8' building_id='' parent_id='-1' building_key='glb_bath_01' position_type='BBPT_LF_RELATIVE' height_mode='BHM_ABSOLUTE'>
				<transform m00='0.993647' m01='0.112402' m02='-0.005636' m10='-0.112402' m11='0.988646' m12='-0.099721' m20='-0.005636' m21='0.099721' m22='0.994999' m30='979.450256' m31='17.537674' m32='859.408386'/>
				<properties serialise_version='4' building_id='' starting_damage_unary='0.000000' on_fire='false' start_disabled='false' weak_point='false' ai_breachable='true' indestructible='false' dockable='true' toggleable='false' lite='false' clamp_to_surface='false' cast_shadows='true'/>
			</BUILDING>
			<BUILDING serialise_version='8' building_id='' parent_id='-1' building_key='glb_bath_01' position_type='BBPT_LF_RELATIVE' height_mode='BHM_ABSOLUTE'>
				<transform m00='0.999711' m01='0.024032' m02='0.000292' m10='-0.024032' m11='0.999415' m12='0.024328' m20='0.000292' m21='-0.024328' m22='0.999704' m30='951.465088' m31='1.369385' m32='673.975769'/>
				<properties serialise_version='4' building_id='' starting_damage_unary='0.000000' on_fire='false' start_disabled='false' weak_point='false' ai_breachable='true' indestructible='false' dockable='true' toggleable='false' lite='false' clamp_to_surface='false' cast_shadows='true'/>
			</BUILDING>
			<BUILDING serialise_version='8' building_id='' parent_id='-1' building_key='mushroom_puffball_01' position_type='BBPT_LF_RELATIVE' height_mode='BHM_ABSOLUTE'>
				<transform m00='-0.642787' m01='-0.001015' m02='-0.766044' m10='-0.001242' m11='0.999999' m12='-0.000282' m20='0.766043' m21='0.000770' m22='-0.642788' m30='1028.622559' m31='15.001274' m32='1049.327271'/>
				<properties serialise_version='4' building_id='' starting_damage_unary='0.000000' on_fire='false' start_disabled='false' weak_point='false' ai_breachable='true' indestructible='false' dockable='true' toggleable='false' lite='false' clamp_to_surface='false' cast_shadows='true'/>
			</BUILDING>
			<BUILDING serialise_version='8' building_id='' parent_id='-1' building_key='mushroom_puffball_01' position_type='BBPT_LF_RELATIVE' height_mode='BHM_ABSOLUTE'>
				<transform m00='0.950588' m01='0.030057' m02='-0.308996' m10='-0.031146' m11='0.999514' m12='0.001409' m20='0.308888' m21='0.008285' m22='0.951062' m30='1065.089355' m31='19.980789' m32='1037.841675'/>
				<properties serialise_version='4' building_id='' starting_damage_unary='0.000000' on_fire='false' start_disabled='false' weak_point='false' ai_breachable='true' indestructible='false' dockable='true' toggleable='false' lite='false' clamp_to_surface='false' cast_shadows='true'/>
			</BUILDING>
			<BUILDING serialise_version='8' building_id='' parent_id='-1' building_key='mushroom_puffball_01' position_type='BBPT_LF_RELATIVE' height_mode='BHM_ABSOLUTE'>
				<transform m00='0.881025' m01='0.094615' m02='-0.463512' m10='-0.040463' m11='0.991276' m12='0.125435' m20='0.471336' m21='-0.091756' m22='0.877168' m30='1000.264160' m31='15.317814' m32='1014.377258'/>
				<properties serialise_version='4' building_id='' starting_damage_unary='0.000000' on_fire='false' start_disabled='false' weak_point='false' ai_breachable='true' indestructible='false' dockable='true' toggleable='false' lite='false' clamp_to_surface='false' cast_shadows='true'/>
			</BUILDING>
