<BATTLE_MAP_DEFINITION_DATA serialise_version='24'>
	<BATTLEFIELD_BUILDING_LIST serialise_version='1'>
		<BUILDINGS>
			<BUILDING serialise_version='8' building_id='' parent_id='-1' building_key='emp_mountain_a' position_type='BBPT_LF_RELATIVE' height_mode='BHM_ABSOLUTE'>
				<transform m00='2.481180' m01='0.000000' m02='0.000000' m10='0.000000' m11='2.481180' m12='0.000000' m20='0.000000' m21='0.000000' m22='2.481180' m30='-12.948792' m31='2.999939' m32='815.214233'/>
				<properties serialise_version='4' building_id='' starting_damage_unary='0.000000' on_fire='false' start_disabled='false' weak_point='false' ai_breachable='true' indestructible='false' dockable='true' toggleable='false' lite='false' clamp_to_surface='false' cast_shadows='true'/>
			</BUILDING>
			<BUILDING serialise_version='8' building_id='' parent_id='-1' building_key='emp_mountain_a' position_type='BBPT_LF_RELATIVE' height_mode='BHM_ABSOLUTE'>
				<transform m00='-1.540095' m01='0.000000' m02='-0.660198' m10='0.000000' m11='1.675636' m12='0.000000' m20='0.660198' m21='0.000000' m22='-1.540095' m30='-97.431633' m31='13.642074' m32='464.302307'/>
				<properties serialise_version='4' building_id='' starting_damage_unary='0.000000' on_fire='false' start_disabled='false' weak_point='false' ai_breachable='true' indestructible='false' dockable='true' toggleable='false' lite='false' clamp_to_surface='false' cast_shadows='true'/>
			</BUILDING>
			<BUILDING serialise_version='8' building_id='' parent_id='-1' building_key='emp_mountain_a' position_type='BBPT_LF_RELATIVE' height_mode='BHM_ABSOLUTE'>
				<transform m00='2.481179' m01='0.000000' m02='0.000000' m10='0.000000' m11='2.481179' m12='0.000000' m20='0.000000' m21='0.000000' m22='2.481179' m30='2050.152344' m31='-38.962002' m32='986.937073'/>
				<properties serialise_version='4' building_id='' starting_damage_unary='0.000000' on_fire='false' start_disabled='false' weak_point='false' ai_breachable='true' indestructible='false' dockable='true' toggleable='false' lite='false' clamp_to_surface='false' cast_shadows='true'/>
			</BUILDING>
			<BUILDING serialise_version='8' building_id='' parent_id='-1' building_key='dwf_barrel_01' position_type='BBPT_LF_RELATIVE' height_mode='BHM_TERRAIN'>
				<transform m00='0.996829' m01='0.079324' m02='0.006297' m10='-0.079568' m11='0.994574' m12='0.067012' m20='-0.000947' m21='-0.067301' m22='0.997732' m30='1285.406128' m31='0.000000' m32='838.052185'/>
				<properties serialise_version='4' building_id='' starting_damage_unary='0.000000' on_fire='false' start_disabled='false' weak_point='false' ai_breachable='true' indestructible='false' dockable='true' toggleable='false' lite='false' clamp_to_surface='false' cast_shadows='true'/>
			</BUILDING>
			<BUILDING serialise_version='8' building_id='' parent_id='-1' building_key='dwf_barrel_01' position_type='BBPT_LF_RELATIVE' height_mode='BHM_TERRAIN'>
				<transform m00='0.996734' m01='0.080506' m02='0.006362' m10='-0.080751' m11='0.994471' m12='0.067135' m20='-0.000922' m21='-0.067430' m22='0.997724' m30='1286.311768' m31='0.000000' m32='836.814087'/>
				<properties serialise_version='4' building_id='' starting_damage_unary='0.000000' on_fire='false' start_disabled='false' weak_point='false' ai_breachable='true' indestructible='false' dockable='true' toggleable='false' lite='false' clamp_to_surface='false' cast_shadows='true'/>
			</BUILDING>
			<BUILDING serialise_version='8' building_id='' parent_id='-1' building_key='dwf_barrel_02' position_type='BBPT_LF_RELATIVE' height_mode='BHM_TERRAIN'>
				<transform m00='0.996948' m01='0.077835' m02='0.006099' m10='-0.078069' m11='0.994673' m12='0.067307' m20='-0.000828' m21='-0.067577' m22='0.997714' m30='1284.597900' m31='0.000000' m32='837.204346'/>
				<properties serialise_version='4' building_id='' starting_damage_unary='0.000000' on_fire='false' start_disabled='false' weak_point='false' ai_breachable='true' indestructible='false' dockable='true' toggleable='false' lite='false' clamp_to_surface='false' cast_shadows='true'/>
			</BUILDING>
			<BUILDING serialise_version='8' building_id='' parent_id='-1' building_key='dwf_barrel_02' position_type='BBPT_LF_RELATIVE' height_mode='BHM_TERRAIN'>
				<transform m00='0.371184' m01='0.098411' m02='-0.923330' m10='-0.088753' m11='0.993575' m12='0.070219' m20='0.924308' m21='0.055884' m22='0.377534' m30='1291.296997' m31='0.000000' m32='839.379272'/>
				<properties serialise_version='4' building_id='' starting_damage_unary='0.000000' on_fire='false' start_disabled='false' weak_point='false' ai_breachable='true' indestructible='false' dockable='true' toggleable='false' lite='false' clamp_to_surface='false' cast_shadows='true'/>
			</BUILDING>
			<BUILDING serialise_version='8' building_id='' parent_id='-1' building_key='dwf_wooden_box' position_type='BBPT_LF_RELATIVE' height_mode='BHM_TERRAIN'>
				<transform m00='0.996864' m01='0.073709' m02='0.028778' m10='-0.076312' m11='0.991715' m12='0.103330' m20='-0.020923' m21='-0.105202' m22='0.994231' m30='1287.415039' m31='0.000000' m32='847.373962'/>
				<properties serialise_version='4' building_id='' starting_damage_unary='0.000000' on_fire='false' start_disabled='false' weak_point='false' ai_breachable='true' indestructible='false' dockable='true' toggleable='false' lite='false' clamp_to_surface='false' cast_shadows='true'/>
			</BUILDING>
			<BUILDING serialise_version='8' building_id='' parent_id='-1' building_key='dwf_wooden_box' position_type='BBPT_LF_RELATIVE' height_mode='BHM_TERRAIN'>
				<transform m00='0.848410' m01='0.103541' m02='-0.519114' m10='-0.079879' m11='0.994495' m12='0.067809' m20='0.523278' m21='-0.016064' m22='0.852011' m30='1286.004395' m31='0.000000' m32='835.511536'/>
				<properties serialise_version='4' building_id='' starting_damage_unary='0.000000' on_fire='false' start_disabled='false' weak_point='false' ai_breachable='true' indestructible='false' dockable='true' toggleable='false' lite='false' clamp_to_surface='false' cast_shadows='true'/>
			</BUILDING>
			<BUILDING serialise_version='8' building_id='' parent_id='-1' building_key='dwf_wooden_box' position_type='BBPT_LF_RELATIVE' height_mode='BHM_TERRAIN'>
				<transform m00='0.996115' m01='0.087619' m02='0.008834' m10='-0.088062' m11='0.990703' m12='0.103692' m20='0.000333' m21='-0.104067' m22='0.994570' m30='1296.774658' m31='0.000000' m32='844.810608'/>
				<properties serialise_version='4' building_id='' starting_damage_unary='0.000000' on_fire='false' start_disabled='false' weak_point='false' ai_breachable='true' indestructible='false' dockable='true' toggleable='false' lite='false' clamp_to_surface='false' cast_shadows='true'/>
			</BUILDING>
			<BUILDING serialise_version='8' building_id='' parent_id='-1' building_key='dwf_tent' position_type='BBPT_LF_RELATIVE' height_mode='BHM_TERRAIN'>
				<transform m00='0.860576' m01='0.044875' m02='0.507341' m10='-0.093430' m11='0.993117' m12='0.070637' m20='-0.500679' m21='-0.108190' m22='0.858845' m30='1294.248047' m31='0.000000' m32='840.109619'/>
				<properties serialise_version='4' building_id='' starting_damage_unary='0.000000' on_fire='false' start_disabled='false' weak_point='false' ai_breachable='true' indestructible='false' dockable='true' toggleable='false' lite='false' clamp_to_surface='false' cast_shadows='true'/>
			</BUILDING>
			<BUILDING serialise_version='8' building_id='' parent_id='-1' building_key='dwf_tent' position_type='BBPT_LF_RELATIVE' height_mode='BHM_TERRAIN'>
				<transform m00='0.864741' m01='-0.007746' m02='0.502158' m10='-0.072622' m11='0.987443' m12='0.140290' m20='-0.496939' m21='-0.157782' m22='0.853321' m30='1292.575928' m31='0.000000' m32='854.680969'/>
				<properties serialise_version='4' building_id='' starting_damage_unary='0.000000' on_fire='false' start_disabled='false' weak_point='false' ai_breachable='true' indestructible='false' dockable='true' toggleable='false' lite='false' clamp_to_surface='false' cast_shadows='true'/>
			</BUILDING>
			<BUILDING serialise_version='8' building_id='' parent_id='-1' building_key='dwf_tent' position_type='BBPT_LF_RELATIVE' height_mode='BHM_TERRAIN'>
				<transform m00='0.429207' m01='0.008729' m02='-0.903164' m10='-0.037579' m11='0.999260' m12='-0.008201' m20='0.902424' m21='0.037460' m22='0.429218' m30='1209.025391' m31='0.000000' m32='879.414307'/>
				<properties serialise_version='4' building_id='' starting_damage_unary='0.000000' on_fire='false' start_disabled='false' weak_point='false' ai_breachable='true' indestructible='false' dockable='true' toggleable='false' lite='false' clamp_to_surface='false' cast_shadows='true'/>
			</BUILDING>
			<BUILDING serialise_version='8' building_id='' parent_id='-1' building_key='dwf_wooden_box' position_type='BBPT_LF_RELATIVE' height_mode='BHM_TERRAIN'>
				<transform m00='0.999808' m01='0.012537' m02='0.015076' m10='-0.014260' m11='0.992637' m12='0.120287' m20='-0.013457' m21='-0.120479' m22='0.992625' m30='1247.359497' m31='0.000000' m32='907.230835'/>
				<properties serialise_version='4' building_id='' starting_damage_unary='0.000000' on_fire='false' start_disabled='false' weak_point='false' ai_breachable='true' indestructible='false' dockable='true' toggleable='false' lite='false' clamp_to_surface='false' cast_shadows='true'/>
			</BUILDING>
			<BUILDING serialise_version='8' building_id='' parent_id='-1' building_key='dwf_wooden_box' position_type='BBPT_LF_RELATIVE' height_mode='BHM_TERRAIN'>
				<transform m00='0.915475' m01='-0.024618' m02='0.401622' m10='-0.009657' m11='0.996495' m12='0.083093' m20='-0.402259' m21='-0.079948' m22='0.912028' m30='1243.186890' m31='0.000000' m32='917.185364'/>
				<properties serialise_version='4' building_id='' starting_damage_unary='0.000000' on_fire='false' start_disabled='false' weak_point='false' ai_breachable='true' indestructible='false' dockable='true' toggleable='false' lite='false' clamp_to_surface='false' cast_shadows='true'/>
			</BUILDING>
			<BUILDING serialise_version='8' building_id='' parent_id='-1' building_key='dwf_wooden_box' position_type='BBPT_LF_RELATIVE' height_mode='BHM_TERRAIN'>
				<transform m00='-0.279391' m01='0.000000' m02='-0.960178' m10='0.000000' m11='1.000000' m12='0.000000' m20='0.960178' m21='0.000000' m22='-0.279391' m30='1225.675049' m31='0.000000' m32='946.440369'/>
				<properties serialise_version='4' building_id='' starting_damage_unary='0.000000' on_fire='false' start_disabled='false' weak_point='false' ai_breachable='true' indestructible='false' dockable='true' toggleable='false' lite='false' clamp_to_surface='false' cast_shadows='true'/>
			</BUILDING>
			<BUILDING serialise_version='8' building_id='' parent_id='-1' building_key='dwf_wooden_box' position_type='BBPT_LF_RELATIVE' height_mode='BHM_TERRAIN'>
				<transform m00='0.999998' m01='-0.001781' m02='0.000413' m10='0.001764' m11='0.999304' m12='0.037263' m20='-0.000479' m21='-0.037262' m22='0.999305' m30='1235.401733' m31='0.000000' m32='988.297241'/>
				<properties serialise_version='4' building_id='' starting_damage_unary='0.000000' on_fire='false' start_disabled='false' weak_point='false' ai_breachable='true' indestructible='false' dockable='true' toggleable='false' lite='false' clamp_to_surface='false' cast_shadows='true'/>
			</BUILDING>
			<BUILDING serialise_version='8' building_id='' parent_id='-1' building_key='dwf_wooden_box' position_type='BBPT_LF_RELATIVE' height_mode='BHM_TERRAIN'>
				<transform m00='-0.125711' m01='-0.001573' m02='0.992065' m10='0.000523' m11='0.999999' m12='0.001651' m20='-0.992066' m21='0.000727' m22='-0.125710' m30='1210.146851' m31='0.000000' m32='975.504333'/>
				<properties serialise_version='4' building_id='' starting_damage_unary='0.000000' on_fire='false' start_disabled='false' weak_point='false' ai_breachable='true' indestructible='false' dockable='true' toggleable='false' lite='false' clamp_to_surface='false' cast_shadows='true'/>
			</BUILDING>
			<BUILDING serialise_version='8' building_id='' parent_id='-1' building_key='dwf_wooden_box' position_type='BBPT_LF_RELATIVE' height_mode='BHM_TERRAIN'>
				<transform m00='0.966035' m01='0.019122' m02='-0.257704' m10='0.011885' m11='0.992915' m12='0.118227' m20='0.258139' m21='-0.117275' m22='0.958963' m30='1214.527710' m31='0.000000' m32='1006.555969'/>
				<properties serialise_version='4' building_id='' starting_damage_unary='0.000000' on_fire='false' start_disabled='false' weak_point='false' ai_breachable='true' indestructible='false' dockable='true' toggleable='false' lite='false' clamp_to_surface='false' cast_shadows='true'/>
			</BUILDING>
			<BUILDING serialise_version='8' building_id='' parent_id='-1' building_key='dwf_wooden_box' position_type='BBPT_LF_RELATIVE' height_mode='BHM_TERRAIN'>
				<transform m00='0.999998' m01='-0.001882' m02='0.000407' m10='0.001850' m11='0.997773' m12='0.066675' m20='-0.000531' m21='-0.066674' m22='0.997775' m30='1184.827515' m31='0.000000' m32='1094.190918'/>
				<properties serialise_version='4' building_id='' starting_damage_unary='0.000000' on_fire='false' start_disabled='false' weak_point='false' ai_breachable='true' indestructible='false' dockable='true' toggleable='false' lite='false' clamp_to_surface='false' cast_shadows='true'/>
			</BUILDING>
			<BUILDING serialise_version='8' building_id='' parent_id='-1' building_key='dwf_wooden_box' position_type='BBPT_LF_RELATIVE' height_mode='BHM_TERRAIN'>
				<transform m00='-0.127086' m01='-0.000217' m02='0.991892' m10='-0.000028' m11='1.000000' m12='0.000215' m20='-0.991892' m21='-0.000001' m22='-0.127086' m30='1159.572632' m31='0.000000' m32='1081.398071'/>
				<properties serialise_version='4' building_id='' starting_damage_unary='0.000000' on_fire='false' start_disabled='false' weak_point='false' ai_breachable='true' indestructible='false' dockable='true' toggleable='false' lite='false' clamp_to_surface='false' cast_shadows='true'/>
			</BUILDING>
			<BUILDING serialise_version='8' building_id='' parent_id='-1' building_key='dwf_wooden_box' position_type='BBPT_LF_RELATIVE' height_mode='BHM_TERRAIN'>
				<transform m00='0.966020' m01='0.045394' m02='-0.254449' m10='0.004356' m11='0.981458' m12='0.191628' m20='0.258429' m21='-0.186225' m22='0.947911' m30='1163.953491' m31='0.000000' m32='1112.449707'/>
				<properties serialise_version='4' building_id='' starting_damage_unary='0.000000' on_fire='false' start_disabled='false' weak_point='false' ai_breachable='true' indestructible='false' dockable='true' toggleable='false' lite='false' clamp_to_surface='false' cast_shadows='true'/>
			</BUILDING>
			<BUILDING serialise_version='8' building_id='' parent_id='-1' building_key='dwf_wooden_box' position_type='BBPT_LF_RELATIVE' height_mode='BHM_TERRAIN'>
				<transform m00='-0.126804' m01='-0.000556' m02='0.991927' m10='-0.000031' m11='1.000000' m12='0.000557' m20='-0.991927' m21='0.000040' m22='-0.126804' m30='1256.598389' m31='0.000000' m32='1071.866943'/>
				<properties serialise_version='4' building_id='' starting_damage_unary='0.000000' on_fire='false' start_disabled='false' weak_point='false' ai_breachable='true' indestructible='false' dockable='true' toggleable='false' lite='false' clamp_to_surface='false' cast_shadows='true'/>
			</BUILDING>
			<BUILDING serialise_version='8' building_id='' parent_id='-1' building_key='dwf_wooden_box' position_type='BBPT_LF_RELATIVE' height_mode='BHM_TERRAIN'>
				<transform m00='0.965638' m01='0.044112' m02='-0.256120' m10='-0.012768' m11='0.992352' m12='0.122778' m20='0.259578' m21='-0.115289' m22='0.958816' m30='1260.979248' m31='0.000000' m32='1102.918579'/>
				<properties serialise_version='4' building_id='' starting_damage_unary='0.000000' on_fire='false' start_disabled='false' weak_point='false' ai_breachable='true' indestructible='false' dockable='true' toggleable='false' lite='false' clamp_to_surface='false' cast_shadows='true'/>
			</BUILDING>
			<BUILDING serialise_version='8' building_id='' parent_id='-1' building_key='dwf_wooden_box' position_type='BBPT_LF_RELATIVE' height_mode='BHM_TERRAIN'>
				<transform m00='1.000000' m01='-0.000219' m02='0.000054' m10='0.000219' m11='0.999927' m12='0.012078' m20='-0.000056' m21='-0.012078' m22='0.999927' m30='1281.853271' m31='0.000000' m32='1084.659790'/>
				<properties serialise_version='4' building_id='' starting_damage_unary='0.000000' on_fire='false' start_disabled='false' weak_point='false' ai_breachable='true' indestructible='false' dockable='true' toggleable='false' lite='false' clamp_to_surface='false' cast_shadows='true'/>
			</BUILDING>
			<BUILDING serialise_version='8' building_id='' parent_id='-1' building_key='dwf_wooden_box' position_type='BBPT_LF_RELATIVE' height_mode='BHM_TERRAIN'>
				<transform m00='0.965921' m01='0.000000' m02='-0.258839' m10='0.000000' m11='1.000000' m12='0.000000' m20='0.258839' m21='0.000000' m22='0.965921' m30='1203.902954' m31='0.000000' m32='1064.157837'/>
				<properties serialise_version='4' building_id='' starting_damage_unary='0.000000' on_fire='false' start_disabled='false' weak_point='false' ai_breachable='true' indestructible='false' dockable='true' toggleable='false' lite='false' clamp_to_surface='false' cast_shadows='true'/>
			</BUILDING>
			<BUILDING serialise_version='8' building_id='' parent_id='-1' building_key='dwf_wooden_box' position_type='BBPT_LF_RELATIVE' height_mode='BHM_TERRAIN'>
				<transform m00='-0.124958' m01='-0.002712' m02='0.992158' m10='0.000083' m11='0.999996' m12='0.002744' m20='-0.992162' m21='0.000426' m22='-0.124957' m30='1199.522095' m31='0.000000' m32='1033.106201'/>
				<properties serialise_version='4' building_id='' starting_damage_unary='0.000000' on_fire='false' start_disabled='false' weak_point='false' ai_breachable='true' indestructible='false' dockable='true' toggleable='false' lite='false' clamp_to_surface='false' cast_shadows='true'/>
			</BUILDING>
			<BUILDING serialise_version='8' building_id='' parent_id='-1' building_key='dwf_wooden_box' position_type='BBPT_LF_RELATIVE' height_mode='BHM_TERRAIN'>
				<transform m00='1.000000' m01='-0.000000' m02='0.000000' m10='0.000000' m11='1.000000' m12='0.000003' m20='-0.000000' m21='-0.000003' m22='1.000000' m30='1224.776978' m31='0.000000' m32='1045.899048'/>
				<properties serialise_version='4' building_id='' starting_damage_unary='0.000000' on_fire='false' start_disabled='false' weak_point='false' ai_breachable='true' indestructible='false' dockable='true' toggleable='false' lite='false' clamp_to_surface='false' cast_shadows='true'/>
			</BUILDING>
			<BUILDING serialise_version='8' building_id='' parent_id='-1' building_key='wh_glb_campfire_01' position_type='BBPT_LF_RELATIVE' height_mode='BHM_TERRAIN'>
				<transform m00='0.996187' m01='0.086888' m02='0.007841' m10='-0.087239' m11='0.992703' m12='0.083253' m20='-0.000550' m21='-0.083620' m22='0.996498' m30='1290.635620' m31='0.000000' m32='843.233826'/>
				<properties serialise_version='4' building_id='' starting_damage_unary='0.000000' on_fire='false' start_disabled='false' weak_point='false' ai_breachable='true' indestructible='false' dockable='true' toggleable='false' lite='false' clamp_to_surface='false' cast_shadows='true'/>
			</BUILDING>
			<BUILDING serialise_version='8' building_id='' parent_id='-1' building_key='glb_outtable_01' position_type='BBPT_LF_RELATIVE' height_mode='BHM_TERRAIN'>
				<transform m00='0.996714' m01='0.080709' m02='0.006871' m10='-0.080999' m11='0.993666' m12='0.077887' m20='-0.000541' m21='-0.078188' m22='0.996938' m30='1286.670654' m31='0.000000' m32='841.947571'/>
				<properties serialise_version='4' building_id='' starting_damage_unary='0.000000' on_fire='false' start_disabled='false' weak_point='false' ai_breachable='true' indestructible='false' dockable='true' toggleable='false' lite='false' clamp_to_surface='false' cast_shadows='true'/>
			</BUILDING>
			<BUILDING serialise_version='8' building_id='' parent_id='-1' building_key='mushroom_shelf_group_01' position_type='BBPT_LF_RELATIVE' height_mode='BHM_ABSOLUTE'>
				<transform m00='1.000000' m01='0.000000' m02='0.000000' m10='0.000000' m11='1.000000' m12='0.000000' m20='0.000000' m21='0.000000' m22='1.000000' m30='1145.039917' m31='-6.461439' m32='947.318054'/>
				<properties serialise_version='4' building_id='' starting_damage_unary='0.000000' on_fire='false' start_disabled='false' weak_point='false' ai_breachable='true' indestructible='false' dockable='true' toggleable='false' lite='false' clamp_to_surface='false' cast_shadows='true'/>
			</BUILDING>
			<BUILDING serialise_version='8' building_id='' parent_id='-1' building_key='mushroom_shelf_group_03' position_type='BBPT_LF_RELATIVE' height_mode='BHM_ABSOLUTE'>
				<transform m00='0.559979' m01='0.000000' m02='0.828507' m10='-0.000000' m11='1.000000' m12='0.000000' m20='-0.828507' m21='-0.000000' m22='0.559979' m30='1128.866943' m31='1.553864' m32='930.383118'/>
				<properties serialise_version='4' building_id='' starting_damage_unary='0.000000' on_fire='false' start_disabled='false' weak_point='false' ai_breachable='true' indestructible='false' dockable='true' toggleable='false' lite='false' clamp_to_surface='false' cast_shadows='true'/>
			</BUILDING>
			<BUILDING serialise_version='8' building_id='' parent_id='-1' building_key='mushroom_shelf_group_01' position_type='BBPT_LF_RELATIVE' height_mode='BHM_ABSOLUTE'>
				<transform m00='1.000000' m01='0.000000' m02='0.000000' m10='0.000000' m11='1.000000' m12='0.000000' m20='0.000000' m21='0.000000' m22='1.000000' m30='1238.891602' m31='-1.959774' m32='772.372803'/>
				<properties serialise_version='4' building_id='' starting_damage_unary='0.000000' on_fire='false' start_disabled='false' weak_point='false' ai_breachable='true' indestructible='false' dockable='true' toggleable='false' lite='false' clamp_to_surface='false' cast_shadows='true'/>
			</BUILDING>
			<BUILDING serialise_version='8' building_id='' parent_id='-1' building_key='mushroom_shelf_group_01' position_type='BBPT_LF_RELATIVE' height_mode='BHM_ABSOLUTE'>
				<transform m00='1.000000' m01='0.000000' m02='0.000000' m10='0.000000' m11='1.000000' m12='0.000000' m20='0.000000' m21='0.000000' m22='1.000000' m30='1255.152954' m31='-7.483940' m32='768.419922'/>
				<properties serialise_version='4' building_id='' starting_damage_unary='0.000000' on_fire='false' start_disabled='false' weak_point='false' ai_breachable='true' indestructible='false' dockable='true' toggleable='false' lite='false' clamp_to_surface='false' cast_shadows='true'/>
			</BUILDING>
			<BUILDING serialise_version='8' building_id='' parent_id='-1' building_key='mushroom_shelf_group_02' position_type='BBPT_LF_RELATIVE' height_mode='BHM_ABSOLUTE'>
				<transform m00='0.695326' m01='0.000000' m02='0.718694' m10='-0.000000' m11='1.000000' m12='0.000000' m20='-0.718694' m21='-0.000000' m22='0.695326' m30='1222.111572' m31='-0.525969' m32='760.494812'/>
				<properties serialise_version='4' building_id='' starting_damage_unary='0.000000' on_fire='false' start_disabled='false' weak_point='false' ai_breachable='true' indestructible='false' dockable='true' toggleable='false' lite='false' clamp_to_surface='false' cast_shadows='true'/>
			</BUILDING>
			<BUILDING serialise_version='8' building_id='' parent_id='-1' building_key='mushroom_shelf_group_02' position_type='BBPT_LF_RELATIVE' height_mode='BHM_ABSOLUTE'>
				<transform m00='0.835372' m01='0.000000' m02='-0.549685' m10='0.071855' m11='0.991419' m12='0.109199' m20='0.544968' m21='-0.130719' m22='0.828204' m30='1272.274780' m31='-2.747459' m32='768.822449'/>
				<properties serialise_version='4' building_id='' starting_damage_unary='0.000000' on_fire='false' start_disabled='false' weak_point='false' ai_breachable='true' indestructible='false' dockable='true' toggleable='false' lite='false' clamp_to_surface='false' cast_shadows='true'/>
			</BUILDING>
			<BUILDING serialise_version='8' building_id='' parent_id='-1' building_key='nor_snowdrift_01' position_type='BBPT_LF_RELATIVE' height_mode='BHM_ABSOLUTE'>
				<transform m00='1.105451' m01='0.000000' m02='-1.466983' m10='0.000000' m11='0.127632' m12='0.000000' m20='1.466983' m21='0.000000' m22='1.105451' m30='1300.062744' m31='-7.840153' m32='703.681824'/>
				<properties serialise_version='4' building_id='' starting_damage_unary='0.000000' on_fire='false' start_disabled='false' weak_point='false' ai_breachable='true' indestructible='false' dockable='true' toggleable='false' lite='false' clamp_to_surface='false' cast_shadows='true'/>
			</BUILDING>
			<BUILDING serialise_version='8' building_id='' parent_id='-1' building_key='wh_log_01' position_type='BBPT_LF_RELATIVE' height_mode='BHM_TERRAIN'>
				<transform m00='-0.044074' m01='-0.007581' m02='0.064992' m10='-0.007216' m11='0.078445' m12='0.004256' m20='-0.078452' m21='-0.004303' m22='-0.053704' m30='1300.125610' m31='0.000000' m32='834.942505'/>
				<properties serialise_version='4' building_id='' starting_damage_unary='0.000000' on_fire='false' start_disabled='false' weak_point='false' ai_breachable='true' indestructible='false' dockable='true' toggleable='false' lite='false' clamp_to_surface='false' cast_shadows='true'/>
			</BUILDING>
			<BUILDING serialise_version='8' building_id='' parent_id='-1' building_key='wh_log_02' position_type='BBPT_LF_RELATIVE' height_mode='BHM_TERRAIN'>
				<transform m00='0.069037' m01='0.009322' m02='0.057946' m10='-0.007039' m11='0.090132' m12='-0.006113' m20='-0.058267' m21='0.000156' m22='0.069395' m30='1204.049927' m31='0.000000' m32='876.696594'/>
				<properties serialise_version='4' building_id='' starting_damage_unary='0.000000' on_fire='false' start_disabled='false' weak_point='false' ai_breachable='true' indestructible='false' dockable='true' toggleable='false' lite='false' clamp_to_surface='false' cast_shadows='true'/>
			</BUILDING>
			<BUILDING serialise_version='8' building_id='' parent_id='-1' building_key='wh_log_01' position_type='BBPT_LF_RELATIVE' height_mode='BHM_TERRAIN'>
				<transform m00='0.069666' m01='0.011337' m02='0.035242' m10='-0.012713' m11='0.077860' m12='0.000084' m20='-0.041944' m21='-0.006941' m22='0.085146' m30='1209.380371' m31='0.000000' m32='869.957153'/>
				<properties serialise_version='4' building_id='' starting_damage_unary='0.000000' on_fire='false' start_disabled='false' weak_point='false' ai_breachable='true' indestructible='false' dockable='true' toggleable='false' lite='false' clamp_to_surface='false' cast_shadows='true'/>
			</BUILDING>
			<BUILDING serialise_version='8' building_id='' parent_id='-1' building_key='wh_log_02' position_type='BBPT_LF_RELATIVE' height_mode='BHM_TERRAIN'>
				<transform m00='0.068229' m01='0.011605' m02='0.058489' m10='-0.015607' m11='0.089258' m12='0.000497' m20='-0.057550' m21='-0.010449' m22='0.069207' m30='1213.149902' m31='0.000000' m32='863.132141'/>
				<properties serialise_version='4' building_id='' starting_damage_unary='0.000000' on_fire='false' start_disabled='false' weak_point='false' ai_breachable='true' indestructible='false' dockable='true' toggleable='false' lite='false' clamp_to_surface='false' cast_shadows='true'/>
			</BUILDING>
			<BUILDING serialise_version='8' building_id='' parent_id='-1' building_key='wh_log_02' position_type='BBPT_LF_RELATIVE' height_mode='BHM_TERRAIN'>
				<transform m00='-0.028179' m01='-0.008044' m02='0.085744' m10='-0.007105' m11='0.090127' m12='0.006120' m20='-0.085827' m21='-0.004820' m22='-0.028659' m30='1291.952393' m31='0.000000' m32='830.144287'/>
				<properties serialise_version='4' building_id='' starting_damage_unary='0.000000' on_fire='false' start_disabled='false' weak_point='false' ai_breachable='true' indestructible='false' dockable='true' toggleable='false' lite='false' clamp_to_surface='false' cast_shadows='true'/>
			</BUILDING>
			<BUILDING serialise_version='8' building_id='' parent_id='-1' building_key='dwf_tent' position_type='BBPT_LF_RELATIVE' height_mode='BHM_TERRAIN'>
				<transform m00='-0.985493' m01='-0.126049' m02='0.113650' m10='-0.123730' m11='0.991941' m12='0.027268' m20='-0.116172' m21='0.012810' m22='-0.993147' m30='1213.546631' m31='0.000000' m32='874.011475'/>
				<properties serialise_version='4' building_id='' starting_damage_unary='0.000000' on_fire='false' start_disabled='false' weak_point='false' ai_breachable='true' indestructible='false' dockable='true' toggleable='false' lite='false' clamp_to_surface='false' cast_shadows='true'/>
			</BUILDING>
			<BUILDING serialise_version='8' building_id='' parent_id='-1' building_key='wh_log_01' position_type='BBPT_LF_RELATIVE' height_mode='BHM_TERRAIN'>
				<transform m00='-0.078845' m01='-0.002270' m02='0.001482' m10='-0.002053' m11='0.078163' m12='0.010495' m20='-0.002136' m21='0.012607' m22='-0.094307' m30='1317.333130' m31='0.000000' m32='851.359253'/>
				<properties serialise_version='4' building_id='' starting_damage_unary='0.000000' on_fire='false' start_disabled='false' weak_point='false' ai_breachable='true' indestructible='false' dockable='true' toggleable='false' lite='false' clamp_to_surface='false' cast_shadows='true'/>
			</BUILDING>
			<BUILDING serialise_version='8' building_id='' parent_id='-1' building_key='wh_log_01' position_type='BBPT_LF_RELATIVE' height_mode='BHM_ABSOLUTE'>
				<transform m00='-0.078845' m01='-0.001081' m02='-0.002486' m10='-0.002053' m11='-0.023416' m12='0.075308' m20='-0.002135' m21='0.090872' m22='0.028197' m30='1317.508057' m31='4.115028' m32='855.435364'/>
				<properties serialise_version='4' building_id='' starting_damage_unary='0.000000' on_fire='false' start_disabled='false' weak_point='false' ai_breachable='true' indestructible='false' dockable='true' toggleable='false' lite='false' clamp_to_surface='false' cast_shadows='true'/>
			</BUILDING>
			<BUILDING serialise_version='8' building_id='' parent_id='-1' building_key='dwf_tent' position_type='BBPT_LF_RELATIVE' height_mode='BHM_TERRAIN'>
				<transform m00='-0.639249' m01='-0.132151' m02='0.757560' m10='-0.057201' m11='0.990566' m12='0.124529' m20='-0.766870' m21='0.036272' m22='-0.640777' m30='1311.627075' m31='0.000000' m32='848.094360'/>
				<properties serialise_version='4' building_id='' starting_damage_unary='0.000000' on_fire='false' start_disabled='false' weak_point='false' ai_breachable='true' indestructible='false' dockable='true' toggleable='false' lite='false' clamp_to_surface='false' cast_shadows='true'/>
			</BUILDING>
			<BUILDING serialise_version='8' building_id='' parent_id='-1' building_key='dwf_tent' position_type='BBPT_LF_RELATIVE' height_mode='BHM_TERRAIN'>
				<transform m00='-0.229807' m01='0.087441' m02='-0.969300' m10='-0.081094' m11='0.990772' m12='0.108604' m20='0.969852' m21='0.103562' m22='-0.220595' m30='1302.672363' m31='0.000000' m32='844.907654'/>
				<properties serialise_version='4' building_id='' starting_damage_unary='0.000000' on_fire='false' start_disabled='false' weak_point='false' ai_breachable='true' indestructible='false' dockable='true' toggleable='false' lite='false' clamp_to_surface='false' cast_shadows='true'/>
			</BUILDING>
			<BUILDING serialise_version='8' building_id='' parent_id='-1' building_key='dwf_tent' position_type='BBPT_LF_RELATIVE' height_mode='BHM_TERRAIN'>
				<transform m00='-0.891899' m01='0.005898' m02='-0.452196' m10='-0.072087' m11='0.985276' m12='0.155034' m20='0.446453' m21='0.170872' m22='-0.878341' m30='1305.694336' m31='0.000000' m32='855.361206'/>
				<properties serialise_version='4' building_id='' starting_damage_unary='0.000000' on_fire='false' start_disabled='false' weak_point='false' ai_breachable='true' indestructible='false' dockable='true' toggleable='false' lite='false' clamp_to_surface='false' cast_shadows='true'/>
			</BUILDING>
			<BUILDING serialise_version='8' building_id='' parent_id='-1' building_key='dwf_tent' position_type='BBPT_LF_RELATIVE' height_mode='BHM_TERRAIN'>
				<transform m00='-0.629180' m01='0.062489' m02='-0.774745' m10='0.080408' m11='0.996648' m12='0.015086' m20='0.773090' m21='-0.052804' m22='-0.632096' m30='1213.361328' m31='0.000000' m32='888.263306'/>
				<properties serialise_version='4' building_id='' starting_damage_unary='0.000000' on_fire='false' start_disabled='false' weak_point='false' ai_breachable='true' indestructible='false' dockable='true' toggleable='false' lite='false' clamp_to_surface='false' cast_shadows='true'/>
			</BUILDING>
			<BUILDING serialise_version='8' building_id='' parent_id='-1' building_key='dwf_wooden_box' position_type='BBPT_LF_RELATIVE' height_mode='BHM_TERRAIN'>
				<transform m00='0.566179' m01='-0.023980' m02='0.823934' m10='-0.064867' m11='0.995181' m12='0.073538' m20='-0.821726' m21='-0.095082' m22='0.561894' m30='1214.643921' m31='0.000000' m32='884.039307'/>
				<properties serialise_version='4' building_id='' starting_damage_unary='0.000000' on_fire='false' start_disabled='false' weak_point='false' ai_breachable='true' indestructible='false' dockable='true' toggleable='false' lite='false' clamp_to_surface='false' cast_shadows='true'/>
			</BUILDING>
			<BUILDING serialise_version='8' building_id='' parent_id='-1' building_key='dwf_forge_hammer_giant' position_type='BBPT_LF_RELATIVE' height_mode='BHM_ABSOLUTE'>
				<transform m00='0.107032' m01='0.009704' m02='0.007675' m10='-0.002808' m11='-0.046040' m12='0.097372' m20='0.012050' m21='-0.096928' m22='-0.045483' m30='1230.883911' m31='3.578477' m32='895.256226'/>
				<properties serialise_version='4' building_id='' starting_damage_unary='0.000000' on_fire='false' start_disabled='false' weak_point='false' ai_breachable='true' indestructible='false' dockable='true' toggleable='false' lite='false' clamp_to_surface='false' cast_shadows='true'/>
			</BUILDING>
			<BUILDING serialise_version='8' building_id='' parent_id='-1' building_key='dwf_tent' position_type='BBPT_LF_RELATIVE' height_mode='BHM_TERRAIN'>
				<transform m00='-0.992258' m01='-0.028728' m02='0.120824' m10='-0.014577' m11='0.993094' m12='0.116413' m20='-0.123334' m21='0.113750' m22='-0.985824' m30='1231.034302' m31='0.000000' m32='892.945068'/>
				<properties serialise_version='4' building_id='' starting_damage_unary='0.000000' on_fire='false' start_disabled='false' weak_point='false' ai_breachable='true' indestructible='false' dockable='true' toggleable='false' lite='false' clamp_to_surface='false' cast_shadows='true'/>
			</BUILDING>
			<BUILDING serialise_version='8' building_id='' parent_id='-1' building_key='wh_log_01' position_type='BBPT_LF_RELATIVE' height_mode='BHM_TERRAIN'>
				<transform m00='-0.074214' m01='-0.008796' m02='0.025274' m10='-0.005240' m11='0.077842' m12='0.011706' m20='-0.031658' m21='0.011260' m22='-0.089041' m30='1347.922729' m31='0.000000' m32='903.379883'/>
				<properties serialise_version='4' building_id='' starting_damage_unary='0.000000' on_fire='false' start_disabled='false' weak_point='false' ai_breachable='true' indestructible='false' dockable='true' toggleable='false' lite='false' clamp_to_surface='false' cast_shadows='true'/>
			</BUILDING>
			<BUILDING serialise_version='8' building_id='' parent_id='-1' building_key='wh_log_01' position_type='BBPT_LF_RELATIVE' height_mode='BHM_TERRAIN'>
				<transform m00='-0.078704' m01='-0.004413' m02='-0.003159' m10='-0.004796' m11='0.078048' m12='0.010459' m20='0.003064' m21='0.012819' m22='-0.094253' m30='1348.826294' m31='0.000000' m32='895.791870'/>
				<properties serialise_version='4' building_id='' starting_damage_unary='0.000000' on_fire='false' start_disabled='false' weak_point='false' ai_breachable='true' indestructible='false' dockable='true' toggleable='false' lite='false' clamp_to_surface='false' cast_shadows='true'/>
			</BUILDING>
			<BUILDING serialise_version='8' building_id='' parent_id='-1' building_key='dwf_tent' position_type='BBPT_LF_RELATIVE' height_mode='BHM_TERRAIN'>
				<transform m00='-0.340946' m01='0.121961' m02='-0.932138' m10='-0.067629' m11='0.985798' m12='0.153718' m20='0.937647' m21='0.115450' m22='-0.327856' m30='1345.505127' m31='0.000000' m32='908.523621'/>
				<properties serialise_version='4' building_id='' starting_damage_unary='0.000000' on_fire='false' start_disabled='false' weak_point='false' ai_breachable='true' indestructible='false' dockable='true' toggleable='false' lite='false' clamp_to_surface='false' cast_shadows='true'/>
			</BUILDING>
			<BUILDING serialise_version='8' building_id='' parent_id='-1' building_key='dwf_tent' position_type='BBPT_LF_RELATIVE' height_mode='BHM_TERRAIN'>
				<transform m00='0.442208' m01='-0.102122' m02='0.891080' m10='-0.056962' m11='0.988294' m12='0.141531' m20='-0.895102' m21='-0.113343' m22='0.431214' m30='1330.123535' m31='0.000000' m32='914.130920'/>
				<properties serialise_version='4' building_id='' starting_damage_unary='0.000000' on_fire='false' start_disabled='false' weak_point='false' ai_breachable='true' indestructible='false' dockable='true' toggleable='false' lite='false' clamp_to_surface='false' cast_shadows='true'/>
			</BUILDING>
			<BUILDING serialise_version='8' building_id='' parent_id='-1' building_key='dwf_tent' position_type='BBPT_LF_RELATIVE' height_mode='BHM_TERRAIN'>
				<transform m00='0.965423' m01='0.098403' m02='-0.241405' m10='-0.063036' m11='0.986660' m12='0.150098' m20='0.252954' m21='-0.129691' m22='0.958747' m30='1342.621826' m31='0.000000' m32='916.701050'/>
				<properties serialise_version='4' building_id='' starting_damage_unary='0.000000' on_fire='false' start_disabled='false' weak_point='false' ai_breachable='true' indestructible='false' dockable='true' toggleable='false' lite='false' clamp_to_surface='false' cast_shadows='true'/>
			</BUILDING>
			<BUILDING serialise_version='8' building_id='' parent_id='-1' building_key='dwf_tent' position_type='BBPT_LF_RELATIVE' height_mode='BHM_TERRAIN'>
				<transform m00='-0.406824' m01='0.099365' m02='-0.908087' m10='-0.065148' m11='0.988380' m12='0.137337' m20='0.911181' m21='0.115032' m22='-0.395624' m30='1345.426270' m31='0.000000' m32='896.550842'/>
				<properties serialise_version='4' building_id='' starting_damage_unary='0.000000' on_fire='false' start_disabled='false' weak_point='false' ai_breachable='true' indestructible='false' dockable='true' toggleable='false' lite='false' clamp_to_surface='false' cast_shadows='true'/>
			</BUILDING>
			<BUILDING serialise_version='8' building_id='' parent_id='-1' building_key='dwf_tent' position_type='BBPT_LF_RELATIVE' height_mode='BHM_TERRAIN'>
				<transform m00='0.954983' m01='0.018037' m02='0.296114' m10='-0.064953' m11='0.986645' m12='0.149378' m20='-0.289464' m21='-0.161887' m22='0.943400' m30='1337.754395' m31='0.000000' m32='912.627075'/>
				<properties serialise_version='4' building_id='' starting_damage_unary='0.000000' on_fire='false' start_disabled='false' weak_point='false' ai_breachable='true' indestructible='false' dockable='true' toggleable='false' lite='false' clamp_to_surface='false' cast_shadows='true'/>
			</BUILDING>
			<BUILDING serialise_version='8' building_id='' parent_id='-1' building_key='vmp_wooden_fence_01' position_type='BBPT_LF_RELATIVE' height_mode='BHM_ABSOLUTE'>
				<transform m00='-0.707106' m01='0.000000' m02='0.707107' m10='-0.000000' m11='1.000000' m12='0.000000' m20='-0.707107' m21='-0.000000' m22='-0.707106' m30='1057.935547' m31='11.138775' m32='423.015961'/>
				<properties serialise_version='4' building_id='' starting_damage_unary='0.000000' on_fire='false' start_disabled='false' weak_point='false' ai_breachable='true' indestructible='false' dockable='true' toggleable='false' lite='false' clamp_to_surface='false' cast_shadows='true'/>
			</BUILDING>
			<BUILDING serialise_version='8' building_id='' parent_id='-1' building_key='vmp_wooden_fence_01' position_type='BBPT_LF_RELATIVE' height_mode='BHM_ABSOLUTE'>
				<transform m00='0.866025' m01='0.000000' m02='0.500000' m10='-0.000000' m11='1.000000' m12='0.000000' m20='-0.500000' m21='-0.000000' m22='0.866025' m30='1056.126099' m31='14.094111' m32='393.613403'/>
