<BATTLE_MAP_DEFINITION_DATA serialise_version='24'>
	<BATTLEFIELD_BUILDING_LIST serialise_version='1'>
		<BUILDINGS>
			<BUILDING serialise_version='8' building_id='' parent_id='-1' building_key='dwf_tower_freestanding_01' position_type='BBPT_LF_RELATIVE' height_mode='BHM_ABSOLUTE'>
				<transform m00='-0.225691' m01='-0.049305' m02='0.972950' m10='-0.008744' m11='0.998781' m12='0.048586' m20='-0.974159' m21='0.002458' m22='-0.225847' m30='565.698486' m31='25.686668' m32='1069.495605'/>
				<properties serialise_version='4' building_id='' starting_damage_unary='1.000000' on_fire='false' start_disabled='false' weak_point='false' ai_breachable='true' indestructible='false' dockable='true' toggleable='false' lite='false' clamp_to_surface='false' cast_shadows='true'/>
			</BUILDING>
			<BUILDING serialise_version='8' building_id='' parent_id='-1' building_key='inv_hero_bridge_03' position_type='BBPT_LF_RELATIVE' height_mode='BHM_ABSOLUTE'>
				<transform m00='1.000000' m01='0.000000' m02='0.000000' m10='0.000000' m11='1.000000' m12='0.000000' m20='0.000000' m21='0.000000' m22='0.456675' m30='1051.726929' m31='-135.793304' m32='1553.303467'/>
				<properties serialise_version='4' building_id='' starting_damage_unary='0.000000' on_fire='false' start_disabled='false' weak_point='false' ai_breachable='true' indestructible='false' dockable='true' toggleable='false' lite='false' clamp_to_surface='false' cast_shadows='true'/>
			</BUILDING>
			<BUILDING serialise_version='8' building_id='' parent_id='-1' building_key='inv_hero_bridge_03' position_type='BBPT_LF_RELATIVE' height_mode='BHM_ABSOLUTE'>
				<transform m00='1.918918' m01='-0.698429' m02='-0.000000' m10='0.342020' m11='0.939693' m12='0.000000' m20='0.000000' m21='-0.000000' m22='0.456675' m30='1066.690063' m31='-143.009384' m32='1553.303589'/>
				<properties serialise_version='4' building_id='' starting_damage_unary='0.000000' on_fire='false' start_disabled='false' weak_point='false' ai_breachable='true' indestructible='false' dockable='true' toggleable='false' lite='false' clamp_to_surface='false' cast_shadows='true'/>
			</BUILDING>
			<BUILDING serialise_version='8' building_id='' parent_id='-1' building_key='inv_hero_bridge_03' position_type='BBPT_LF_RELATIVE' height_mode='BHM_ABSOLUTE'>
				<transform m00='1.000000' m01='0.000000' m02='0.000000' m10='0.000000' m11='1.000000' m12='0.000000' m20='0.000000' m21='0.000000' m22='1.000000' m30='1780.462036' m31='0.000023' m32='1604.587646'/>
				<properties serialise_version='4' building_id='' starting_damage_unary='0.000000' on_fire='false' start_disabled='false' weak_point='false' ai_breachable='true' indestructible='false' dockable='true' toggleable='false' lite='false' clamp_to_surface='false' cast_shadows='true'/>
			</BUILDING>
			<BUILDING serialise_version='8' building_id='' parent_id='-1' building_key='inv_hero_bridge_03' position_type='BBPT_LF_RELATIVE' height_mode='BHM_ABSOLUTE'>
				<transform m00='1.000000' m01='0.000000' m02='0.000000' m10='0.000000' m11='1.000000' m12='0.000000' m20='0.000000' m21='0.000000' m22='1.000000' m30='1781.279907' m31='-0.000008' m32='1600.182007'/>
				<properties serialise_version='4' building_id='' starting_damage_unary='0.000000' on_fire='false' start_disabled='false' weak_point='false' ai_breachable='true' indestructible='false' dockable='true' toggleable='false' lite='false' clamp_to_surface='false' cast_shadows='true'/>
			</BUILDING>
			<BUILDING serialise_version='8' building_id='' parent_id='-1' building_key='dwf_battle_shrine_01' position_type='BBPT_LF_RELATIVE' height_mode='BHM_ABSOLUTE'>
				<transform m00='0.694658' m01='0.000000' m02='-0.719340' m10='0.000000' m11='1.000000' m12='0.000000' m20='0.719340' m21='0.000000' m22='0.694658' m30='1152.692627' m31='5.000000' m32='1372.175049'/>
				<properties serialise_version='4' building_id='' starting_damage_unary='0.000000' on_fire='false' start_disabled='false' weak_point='false' ai_breachable='true' indestructible='false' dockable='true' toggleable='false' lite='false' clamp_to_surface='false' cast_shadows='true'/>
			</BUILDING>
			<BUILDING serialise_version='8' building_id='' parent_id='-1' building_key='hef_hero_bridge_03' position_type='BBPT_LF_RELATIVE' height_mode='BHM_ABSOLUTE'>
				<transform m00='0.000000' m01='-0.173683' m02='-0.605704' m10='0.000000' m11='0.036072' m12='-0.010344' m20='0.455610' m21='0.000000' m22='0.000000' m30='490.376740' m31='34.200001' m32='1107.434204'/>
				<properties serialise_version='4' building_id='' starting_damage_unary='0.000000' on_fire='false' start_disabled='false' weak_point='false' ai_breachable='true' indestructible='false' dockable='true' toggleable='false' lite='false' clamp_to_surface='false' cast_shadows='true'/>
			</BUILDING>
			<BUILDING serialise_version='8' building_id='' parent_id='-1' building_key='hef_hero_bridge_03' position_type='BBPT_LF_RELATIVE' height_mode='BHM_ABSOLUTE'>
				<transform m00='-0.000000' m01='0.000000' m02='-0.630114' m10='0.000000' m11='0.037526' m12='-0.000000' m20='0.455610' m21='-0.000000' m22='-0.000000' m30='490.376801' m31='37.674885' m32='1134.075806'/>
				<properties serialise_version='4' building_id='' starting_damage_unary='0.000000' on_fire='false' start_disabled='false' weak_point='false' ai_breachable='true' indestructible='false' dockable='true' toggleable='false' lite='false' clamp_to_surface='false' cast_shadows='true'/>
			</BUILDING>
			<BUILDING serialise_version='8' building_id='' parent_id='-1' building_key='flat_mushrooms_b' position_type='BBPT_LF_RELATIVE' height_mode='BHM_TERRAIN'>
				<transform m00='0.242405' m01='0.000000' m02='0.437310' m10='-0.000000' m11='0.500000' m12='0.000000' m20='-0.437310' m21='-0.000000' m22='0.242405' m30='588.820251' m31='0.000000' m32='972.479004'/>
				<properties serialise_version='4' building_id='' starting_damage_unary='0.000000' on_fire='false' start_disabled='false' weak_point='false' ai_breachable='true' indestructible='false' dockable='true' toggleable='false' lite='false' clamp_to_surface='false' cast_shadows='true'/>
			</BUILDING>
			<BUILDING serialise_version='8' building_id='' parent_id='-1' building_key='flat_mushrooms_b' position_type='BBPT_LF_RELATIVE' height_mode='BHM_TERRAIN'>
				<transform m00='-0.492404' m01='0.000000' m02='0.086824' m10='-0.000000' m11='0.500000' m12='0.000000' m20='-0.086824' m21='-0.000000' m22='-0.492404' m30='590.980408' m31='0.000000' m32='971.746460'/>
				<properties serialise_version='4' building_id='' starting_damage_unary='0.000000' on_fire='false' start_disabled='false' weak_point='false' ai_breachable='true' indestructible='false' dockable='true' toggleable='false' lite='false' clamp_to_surface='false' cast_shadows='true'/>
			</BUILDING>
			<BUILDING serialise_version='8' building_id='' parent_id='-1' building_key='flat_mushrooms_b' position_type='BBPT_LF_RELATIVE' height_mode='BHM_TERRAIN'>
				<transform m00='-0.120961' m01='0.000000' m02='0.485148' m10='-0.000000' m11='0.500000' m12='0.000000' m20='-0.485148' m21='-0.000000' m22='-0.120961' m30='589.977417' m31='0.000000' m32='971.539063'/>
				<properties serialise_version='4' building_id='' starting_damage_unary='0.000000' on_fire='false' start_disabled='false' weak_point='false' ai_breachable='true' indestructible='false' dockable='true' toggleable='false' lite='false' clamp_to_surface='false' cast_shadows='true'/>
			</BUILDING>
			<BUILDING serialise_version='8' building_id='' parent_id='-1' building_key='flat_mushrooms_b' position_type='BBPT_LF_RELATIVE' height_mode='BHM_TERRAIN'>
				<transform m00='-0.496273' m01='0.000000' m02='0.060935' m10='-0.000000' m11='0.500000' m12='0.000000' m20='-0.060935' m21='-0.000000' m22='-0.496273' m30='589.121033' m31='0.000000' m32='971.589966'/>
				<properties serialise_version='4' building_id='' starting_damage_unary='0.000000' on_fire='false' start_disabled='false' weak_point='false' ai_breachable='true' indestructible='false' dockable='true' toggleable='false' lite='false' clamp_to_surface='false' cast_shadows='true'/>
			</BUILDING>
			<BUILDING serialise_version='8' building_id='' parent_id='-1' building_key='funnel_mushrooms_b' position_type='BBPT_LF_RELATIVE' height_mode='BHM_TERRAIN'>
				<transform m00='-0.992546' m01='0.000000' m02='0.121870' m10='-0.000000' m11='1.000000' m12='0.000000' m20='-0.121870' m21='-0.000000' m22='-0.992546' m30='590.215210' m31='0.000000' m32='972.068481'/>
				<properties serialise_version='4' building_id='' starting_damage_unary='0.000000' on_fire='false' start_disabled='false' weak_point='false' ai_breachable='true' indestructible='false' dockable='true' toggleable='false' lite='false' clamp_to_surface='false' cast_shadows='true'/>
			</BUILDING>
			<BUILDING serialise_version='8' building_id='' parent_id='-1' building_key='beech_mushrooms_a' position_type='BBPT_LF_RELATIVE' height_mode='BHM_TERRAIN'>
				<transform m00='-0.559193' m01='0.000000' m02='-0.829037' m10='0.000000' m11='1.000000' m12='0.000000' m20='0.829037' m21='0.000000' m22='-0.559193' m30='588.706421' m31='0.000000' m32='973.669006'/>
				<properties serialise_version='4' building_id='' starting_damage_unary='0.000000' on_fire='false' start_disabled='false' weak_point='false' ai_breachable='true' indestructible='false' dockable='true' toggleable='false' lite='false' clamp_to_surface='false' cast_shadows='true'/>
			</BUILDING>
			<BUILDING serialise_version='8' building_id='' parent_id='-1' building_key='beech_mushrooms_a' position_type='BBPT_LF_RELATIVE' height_mode='BHM_TERRAIN'>
				<transform m00='-0.484810' m01='0.000000' m02='-0.874620' m10='0.000000' m11='1.000000' m12='0.000000' m20='0.874620' m21='0.000000' m22='-0.484810' m30='549.573608' m31='0.000000' m32='1003.375549'/>
				<properties serialise_version='4' building_id='' starting_damage_unary='0.000000' on_fire='false' start_disabled='false' weak_point='false' ai_breachable='true' indestructible='false' dockable='true' toggleable='false' lite='false' clamp_to_surface='false' cast_shadows='true'/>
			</BUILDING>
			<BUILDING serialise_version='8' building_id='' parent_id='-1' building_key='beech_mushrooms_a' position_type='BBPT_LF_RELATIVE' height_mode='BHM_TERRAIN'>
				<transform m00='-0.798636' m01='0.000000' m02='-0.601814' m10='0.000000' m11='1.000000' m12='0.000000' m20='0.601814' m21='0.000000' m22='-0.798636' m30='564.916016' m31='0.000000' m32='966.454895'/>
				<properties serialise_version='4' building_id='' starting_damage_unary='0.000000' on_fire='false' start_disabled='false' weak_point='false' ai_breachable='true' indestructible='false' dockable='true' toggleable='false' lite='false' clamp_to_surface='false' cast_shadows='true'/>
			</BUILDING>
			<BUILDING serialise_version='8' building_id='' parent_id='-1' building_key='beech_mushrooms_a' position_type='BBPT_LF_RELATIVE' height_mode='BHM_TERRAIN'>
				<transform m00='0.731354' m01='0.000000' m02='-0.681998' m10='0.000000' m11='1.000000' m12='0.000000' m20='0.681998' m21='0.000000' m22='0.731354' m30='546.787964' m31='0.000000' m32='919.430481'/>
				<properties serialise_version='4' building_id='' starting_damage_unary='0.000000' on_fire='false' start_disabled='false' weak_point='false' ai_breachable='true' indestructible='false' dockable='true' toggleable='false' lite='false' clamp_to_surface='false' cast_shadows='true'/>
			</BUILDING>
			<BUILDING serialise_version='8' building_id='' parent_id='-1' building_key='beech_mushrooms_a' position_type='BBPT_LF_RELATIVE' height_mode='BHM_TERRAIN'>
				<transform m00='0.069759' m01='0.000000' m02='-0.997564' m10='0.000000' m11='1.000000' m12='0.000000' m20='0.997564' m21='0.000000' m22='0.069759' m30='618.344482' m31='0.000000' m32='939.664001'/>
				<properties serialise_version='4' building_id='' starting_damage_unary='0.000000' on_fire='false' start_disabled='false' weak_point='false' ai_breachable='true' indestructible='false' dockable='true' toggleable='false' lite='false' clamp_to_surface='false' cast_shadows='true'/>
			</BUILDING>
			<BUILDING serialise_version='8' building_id='' parent_id='-1' building_key='wh_mushgroup_02_a' position_type='BBPT_LF_RELATIVE' height_mode='BHM_TERRAIN'>
				<transform m00='0.069759' m01='0.000000' m02='-0.997564' m10='0.000000' m11='1.000000' m12='0.000000' m20='0.997564' m21='0.000000' m22='0.069759' m30='524.481445' m31='0.000000' m32='1081.173828'/>
				<properties serialise_version='4' building_id='' starting_damage_unary='0.000000' on_fire='false' start_disabled='false' weak_point='false' ai_breachable='true' indestructible='false' dockable='true' toggleable='false' lite='false' clamp_to_surface='false' cast_shadows='true'/>
			</BUILDING>
			<BUILDING serialise_version='8' building_id='' parent_id='-1' building_key='flat_mushrooms_b' position_type='BBPT_LF_RELATIVE' height_mode='BHM_TERRAIN'>
				<transform m00='0.927184' m01='0.000000' m02='-0.374607' m10='0.000000' m11='1.000000' m12='0.000000' m20='0.374607' m21='0.000000' m22='0.927184' m30='523.761536' m31='0.000000' m32='1043.006470'/>
				<properties serialise_version='4' building_id='' starting_damage_unary='0.000000' on_fire='false' start_disabled='false' weak_point='false' ai_breachable='true' indestructible='false' dockable='true' toggleable='false' lite='false' clamp_to_surface='false' cast_shadows='true'/>
			</BUILDING>
			<BUILDING serialise_version='8' building_id='' parent_id='-1' building_key='flat_mushrooms_b' position_type='BBPT_LF_RELATIVE' height_mode='BHM_TERRAIN'>
				<transform m00='0.956305' m01='0.000000' m02='0.292372' m10='-0.000000' m11='1.000000' m12='0.000000' m20='-0.292372' m21='-0.000000' m22='0.956305' m30='500.124817' m31='0.000000' m32='1032.713379'/>
				<properties serialise_version='4' building_id='' starting_damage_unary='0.000000' on_fire='false' start_disabled='false' weak_point='false' ai_breachable='true' indestructible='false' dockable='true' toggleable='false' lite='false' clamp_to_surface='false' cast_shadows='true'/>
			</BUILDING>
			<BUILDING serialise_version='8' building_id='' parent_id='-1' building_key='flat_mushrooms_b' position_type='BBPT_LF_RELATIVE' height_mode='BHM_TERRAIN'>
				<transform m00='0.882948' m01='0.000000' m02='0.469471' m10='-0.000000' m11='1.000000' m12='0.000000' m20='-0.469471' m21='-0.000000' m22='0.882948' m30='528.826477' m31='0.000000' m32='1011.101685'/>
				<properties serialise_version='4' building_id='' starting_damage_unary='0.000000' on_fire='false' start_disabled='false' weak_point='false' ai_breachable='true' indestructible='false' dockable='true' toggleable='false' lite='false' clamp_to_surface='false' cast_shadows='true'/>
			</BUILDING>
			<BUILDING serialise_version='8' building_id='' parent_id='-1' building_key='flat_mushrooms_b' position_type='BBPT_LF_RELATIVE' height_mode='BHM_TERRAIN'>
				<transform m00='0.694658' m01='0.000000' m02='-0.719340' m10='0.000000' m11='1.000000' m12='0.000000' m20='0.719340' m21='0.000000' m22='0.694658' m30='526.173035' m31='0.000000' m32='971.549255'/>
				<properties serialise_version='4' building_id='' starting_damage_unary='0.000000' on_fire='false' start_disabled='false' weak_point='false' ai_breachable='true' indestructible='false' dockable='true' toggleable='false' lite='false' clamp_to_surface='false' cast_shadows='true'/>
			</BUILDING>
			<BUILDING serialise_version='8' building_id='' parent_id='-1' building_key='brt_stone_a' position_type='BBPT_LF_RELATIVE' height_mode='BHM_ABSOLUTE'>
				<transform m00='-0.139173' m01='0.000000' m02='0.990268' m10='-0.000000' m11='1.000000' m12='0.000000' m20='-0.990268' m21='-0.000000' m22='-0.139173' m30='597.166382' m31='20.277039' m32='964.396545'/>
				<properties serialise_version='4' building_id='' starting_damage_unary='0.000000' on_fire='false' start_disabled='false' weak_point='false' ai_breachable='true' indestructible='false' dockable='true' toggleable='false' lite='false' clamp_to_surface='false' cast_shadows='true'/>
			</BUILDING>
			<BUILDING serialise_version='8' building_id='' parent_id='-1' building_key='brt_stone_a' position_type='BBPT_LF_RELATIVE' height_mode='BHM_ABSOLUTE'>
				<transform m00='-0.961261' m01='0.000000' m02='-0.275637' m10='0.000000' m11='1.000000' m12='0.000000' m20='0.275637' m21='0.000000' m22='-0.961261' m30='593.828369' m31='20.101669' m32='965.222839'/>
				<properties serialise_version='4' building_id='' starting_damage_unary='0.000000' on_fire='false' start_disabled='false' weak_point='false' ai_breachable='true' indestructible='false' dockable='true' toggleable='false' lite='false' clamp_to_surface='false' cast_shadows='true'/>
			</BUILDING>
			<BUILDING serialise_version='8' building_id='' parent_id='-1' building_key='brt_stone_a' position_type='BBPT_LF_RELATIVE' height_mode='BHM_ABSOLUTE'>
				<transform m00='-0.207912' m01='0.000000' m02='-0.978148' m10='0.000000' m11='1.000000' m12='0.000000' m20='0.978148' m21='0.000000' m22='-0.207912' m30='592.294128' m31='19.632149' m32='965.807922'/>
				<properties serialise_version='4' building_id='' starting_damage_unary='0.000000' on_fire='false' start_disabled='false' weak_point='false' ai_breachable='true' indestructible='false' dockable='true' toggleable='false' lite='false' clamp_to_surface='false' cast_shadows='true'/>
			</BUILDING>
			<BUILDING serialise_version='8' building_id='' parent_id='-1' building_key='brt_stone_a' position_type='BBPT_LF_RELATIVE' height_mode='BHM_ABSOLUTE'>
				<transform m00='-0.945518' m01='0.000000' m02='-0.325568' m10='0.000000' m11='1.000000' m12='0.000000' m20='0.325568' m21='0.000000' m22='-0.945518' m30='598.728577' m31='20.712530' m32='964.548340'/>
				<properties serialise_version='4' building_id='' starting_damage_unary='0.000000' on_fire='false' start_disabled='false' weak_point='false' ai_breachable='true' indestructible='false' dockable='true' toggleable='false' lite='false' clamp_to_surface='false' cast_shadows='true'/>
			</BUILDING>
			<BUILDING serialise_version='8' building_id='' parent_id='-1' building_key='brt_stone_a' position_type='BBPT_LF_RELATIVE' height_mode='BHM_ABSOLUTE'>
				<transform m00='-0.874620' m01='0.000000' m02='-0.484809' m10='0.000000' m11='1.000000' m12='0.000000' m20='0.484809' m21='0.000000' m22='-0.874620' m30='598.559448' m31='21.248991' m32='967.494385'/>
				<properties serialise_version='4' building_id='' starting_damage_unary='0.000000' on_fire='false' start_disabled='false' weak_point='false' ai_breachable='true' indestructible='false' dockable='true' toggleable='false' lite='false' clamp_to_surface='false' cast_shadows='true'/>
			</BUILDING>
			<BUILDING serialise_version='8' building_id='' parent_id='-1' building_key='brt_stone_a' position_type='BBPT_LF_RELATIVE' height_mode='BHM_ABSOLUTE'>
				<transform m00='-0.190809' m01='0.000000' m02='-0.981627' m10='0.000000' m11='1.000000' m12='0.000000' m20='0.981627' m21='0.000000' m22='-0.190809' m30='600.207703' m31='21.446768' m32='968.440063'/>
				<properties serialise_version='4' building_id='' starting_damage_unary='0.000000' on_fire='false' start_disabled='false' weak_point='false' ai_breachable='true' indestructible='false' dockable='true' toggleable='false' lite='false' clamp_to_surface='false' cast_shadows='true'/>
			</BUILDING>
			<BUILDING serialise_version='8' building_id='' parent_id='-1' building_key='brt_stone_a' position_type='BBPT_LF_RELATIVE' height_mode='BHM_ABSOLUTE'>
				<transform m00='-0.913546' m01='0.000000' m02='-0.406736' m10='0.000000' m11='1.000000' m12='0.000000' m20='0.406736' m21='0.000000' m22='-0.913546' m30='601.963989' m31='21.959881' m32='969.175903'/>
				<properties serialise_version='4' building_id='' starting_damage_unary='0.000000' on_fire='false' start_disabled='false' weak_point='false' ai_breachable='true' indestructible='false' dockable='true' toggleable='false' lite='false' clamp_to_surface='false' cast_shadows='true'/>
			</BUILDING>
			<BUILDING serialise_version='8' building_id='' parent_id='-1' building_key='brt_stone_a' position_type='BBPT_LF_RELATIVE' height_mode='BHM_ABSOLUTE'>
				<transform m00='-0.913546' m01='0.000000' m02='-0.406736' m10='0.000000' m11='1.000000' m12='0.000000' m20='0.406736' m21='0.000000' m22='-0.913546' m30='595.866638' m31='20.549145' m32='962.678101'/>
				<properties serialise_version='4' building_id='' starting_damage_unary='0.000000' on_fire='false' start_disabled='false' weak_point='false' ai_breachable='true' indestructible='false' dockable='true' toggleable='false' lite='false' clamp_to_surface='false' cast_shadows='true'/>
			</BUILDING>
			<BUILDING serialise_version='8' building_id='' parent_id='-1' building_key='brt_stone_a' position_type='BBPT_LF_RELATIVE' height_mode='BHM_ABSOLUTE'>
				<transform m00='-0.809017' m01='0.000000' m02='-0.587785' m10='0.000000' m11='1.000000' m12='0.000000' m20='0.587785' m21='0.000000' m22='-0.809017' m30='599.946167' m31='21.209297' m32='964.509338'/>
				<properties serialise_version='4' building_id='' starting_damage_unary='0.000000' on_fire='false' start_disabled='false' weak_point='false' ai_breachable='true' indestructible='false' dockable='true' toggleable='false' lite='false' clamp_to_surface='false' cast_shadows='true'/>
			</BUILDING>
			<BUILDING serialise_version='8' building_id='' parent_id='-1' building_key='brt_stone_a' position_type='BBPT_LF_RELATIVE' height_mode='BHM_ABSOLUTE'>
				<transform m00='-0.945518' m01='0.000000' m02='-0.325568' m10='0.000000' m11='1.000000' m12='0.000000' m20='0.325568' m21='0.000000' m22='-0.945518' m30='593.900146' m31='20.553724' m32='962.435364'/>
				<properties serialise_version='4' building_id='' starting_damage_unary='0.000000' on_fire='false' start_disabled='false' weak_point='false' ai_breachable='true' indestructible='false' dockable='true' toggleable='false' lite='false' clamp_to_surface='false' cast_shadows='true'/>
			</BUILDING>
			<BUILDING serialise_version='8' building_id='' parent_id='-1' building_key='brt_stone_a' position_type='BBPT_LF_RELATIVE' height_mode='BHM_ABSOLUTE'>
				<transform m00='0.981627' m01='0.000000' m02='0.190809' m10='-0.000000' m11='1.000000' m12='0.000000' m20='-0.190809' m21='-0.000000' m22='0.981627' m30='593.166565' m31='20.139915' m32='962.509521'/>
				<properties serialise_version='4' building_id='' starting_damage_unary='0.000000' on_fire='false' start_disabled='false' weak_point='false' ai_breachable='true' indestructible='false' dockable='true' toggleable='false' lite='false' clamp_to_surface='false' cast_shadows='true'/>
			</BUILDING>
			<BUILDING serialise_version='8' building_id='' parent_id='-1' building_key='brt_stone_a' position_type='BBPT_LF_RELATIVE' height_mode='BHM_ABSOLUTE'>
				<transform m00='0.981627' m01='0.000000' m02='0.190809' m10='-0.000000' m11='1.000000' m12='0.000000' m20='-0.190809' m21='-0.000000' m22='0.981627' m30='591.631104' m31='19.681114' m32='962.649963'/>
				<properties serialise_version='4' building_id='' starting_damage_unary='0.000000' on_fire='false' start_disabled='false' weak_point='false' ai_breachable='true' indestructible='false' dockable='true' toggleable='false' lite='false' clamp_to_surface='false' cast_shadows='true'/>
			</BUILDING>
			<BUILDING serialise_version='8' building_id='' parent_id='-1' building_key='brt_stone_a' position_type='BBPT_LF_RELATIVE' height_mode='BHM_ABSOLUTE'>
				<transform m00='0.309017' m01='0.000000' m02='0.951057' m10='-0.000000' m11='1.000000' m12='0.000000' m20='-0.951057' m21='-0.000000' m22='0.309017' m30='589.962952' m31='19.605339' m32='962.273071'/>
				<properties serialise_version='4' building_id='' starting_damage_unary='0.000000' on_fire='false' start_disabled='false' weak_point='false' ai_breachable='true' indestructible='false' dockable='true' toggleable='false' lite='false' clamp_to_surface='false' cast_shadows='true'/>
			</BUILDING>
			<BUILDING serialise_version='8' building_id='' parent_id='-1' building_key='brt_stone_a' position_type='BBPT_LF_RELATIVE' height_mode='BHM_ABSOLUTE'>
				<transform m00='0.309017' m01='0.000000' m02='0.951057' m10='-0.000000' m11='1.000000' m12='0.000000' m20='-0.951057' m21='-0.000000' m22='0.309017' m30='589.962952' m31='19.389286' m32='965.548828'/>
				<properties serialise_version='4' building_id='' starting_damage_unary='0.000000' on_fire='false' start_disabled='false' weak_point='false' ai_breachable='true' indestructible='false' dockable='true' toggleable='false' lite='false' clamp_to_surface='false' cast_shadows='true'/>
			</BUILDING>
			<BUILDING serialise_version='8' building_id='' parent_id='-1' building_key='brt_stone_a' position_type='BBPT_LF_RELATIVE' height_mode='BHM_ABSOLUTE'>
				<transform m00='0.981627' m01='0.000000' m02='0.190809' m10='-0.000000' m11='1.000000' m12='0.000000' m20='-0.190809' m21='-0.000000' m22='0.981627' m30='591.631104' m31='19.681114' m32='965.655945'/>
				<properties serialise_version='4' building_id='' starting_damage_unary='0.000000' on_fire='false' start_disabled='false' weak_point='false' ai_breachable='true' indestructible='false' dockable='true' toggleable='false' lite='false' clamp_to_surface='false' cast_shadows='true'/>
			</BUILDING>
			<BUILDING serialise_version='8' building_id='' parent_id='-1' building_key='brt_stone_a' position_type='BBPT_LF_RELATIVE' height_mode='BHM_ABSOLUTE'>
				<transform m00='0.981627' m01='0.000000' m02='0.190809' m10='-0.000000' m11='1.000000' m12='0.000000' m20='-0.190809' m21='-0.000000' m22='0.981627' m30='592.762390' m31='20.736092' m32='967.372559'/>
				<properties serialise_version='4' building_id='' starting_damage_unary='0.000000' on_fire='false' start_disabled='false' weak_point='false' ai_breachable='true' indestructible='false' dockable='true' toggleable='false' lite='false' clamp_to_surface='false' cast_shadows='true'/>
			</BUILDING>
			<BUILDING serialise_version='8' building_id='' parent_id='-1' building_key='brt_stone_a' position_type='BBPT_LF_RELATIVE' height_mode='BHM_ABSOLUTE'>
				<transform m00='0.981627' m01='0.000000' m02='0.190809' m10='-0.000000' m11='1.000000' m12='0.000000' m20='-0.190809' m21='-0.000000' m22='0.981627' m30='596.008667' m31='20.736092' m32='967.400635'/>
				<properties serialise_version='4' building_id='' starting_damage_unary='0.000000' on_fire='false' start_disabled='false' weak_point='false' ai_breachable='true' indestructible='false' dockable='true' toggleable='false' lite='false' clamp_to_surface='false' cast_shadows='true'/>
			</BUILDING>
			<BUILDING serialise_version='8' building_id='' parent_id='-1' building_key='brt_stone_a' position_type='BBPT_LF_RELATIVE' height_mode='BHM_ABSOLUTE'>
				<transform m00='0.981627' m01='0.000000' m02='0.190809' m10='-0.000000' m11='1.000000' m12='0.000000' m20='-0.190809' m21='-0.000000' m22='0.981627' m30='588.331665' m31='18.859097' m32='965.930969'/>
				<properties serialise_version='4' building_id='' starting_damage_unary='0.000000' on_fire='false' start_disabled='false' weak_point='false' ai_breachable='true' indestructible='false' dockable='true' toggleable='false' lite='false' clamp_to_surface='false' cast_shadows='true'/>
			</BUILDING>
			<BUILDING serialise_version='8' building_id='' parent_id='-1' building_key='brt_stone_a' position_type='BBPT_LF_RELATIVE' height_mode='BHM_ABSOLUTE'>
				<transform m00='0.939576' m01='0.000000' m02='-0.342339' m10='0.000000' m11='1.000000' m12='0.000000' m20='0.342339' m21='0.000000' m22='0.939576' m30='587.095642' m31='18.859095' m32='966.718872'/>
				<properties serialise_version='4' building_id='' starting_damage_unary='0.000000' on_fire='false' start_disabled='false' weak_point='false' ai_breachable='true' indestructible='false' dockable='true' toggleable='false' lite='false' clamp_to_surface='false' cast_shadows='true'/>
			</BUILDING>
			<BUILDING serialise_version='8' building_id='' parent_id='-1' building_key='brt_stone_a' position_type='BBPT_LF_RELATIVE' height_mode='BHM_ABSOLUTE'>
				<transform m00='0.939576' m01='0.000000' m02='-0.342339' m10='0.000000' m11='1.000000' m12='0.000000' m20='0.342339' m21='0.000000' m22='0.939576' m30='581.282837' m31='18.859095' m32='971.259766'/>
				<properties serialise_version='4' building_id='' starting_damage_unary='0.000000' on_fire='false' start_disabled='false' weak_point='false' ai_breachable='true' indestructible='false' dockable='true' toggleable='false' lite='false' clamp_to_surface='false' cast_shadows='true'/>
			</BUILDING>
			<BUILDING serialise_version='8' building_id='' parent_id='-1' building_key='brt_stone_a' position_type='BBPT_LF_RELATIVE' height_mode='BHM_ABSOLUTE'>
				<transform m00='0.939576' m01='0.000000' m02='-0.342339' m10='0.000000' m11='1.000000' m12='0.000000' m20='0.342339' m21='0.000000' m22='0.939576' m30='574.398560' m31='18.859095' m32='970.344177'/>
				<properties serialise_version='4' building_id='' starting_damage_unary='0.000000' on_fire='false' start_disabled='false' weak_point='false' ai_breachable='true' indestructible='false' dockable='true' toggleable='false' lite='false' clamp_to_surface='false' cast_shadows='true'/>
			</BUILDING>
			<BUILDING serialise_version='8' building_id='' parent_id='-1' building_key='brt_stone_a' position_type='BBPT_LF_RELATIVE' height_mode='BHM_ABSOLUTE'>
				<transform m00='-0.249949' m01='0.000000' m02='0.968259' m10='-0.000000' m11='1.000000' m12='0.000000' m20='-0.968259' m21='-0.000000' m22='-0.249949' m30='576.244751' m31='18.859095' m32='971.512146'/>
				<properties serialise_version='4' building_id='' starting_damage_unary='0.000000' on_fire='false' start_disabled='false' weak_point='false' ai_breachable='true' indestructible='false' dockable='true' toggleable='false' lite='false' clamp_to_surface='false' cast_shadows='true'/>
			</BUILDING>
			<BUILDING serialise_version='8' building_id='' parent_id='-1' building_key='brt_stone_a' position_type='BBPT_LF_RELATIVE' height_mode='BHM_ABSOLUTE'>
				<transform m00='-0.249948' m01='0.000000' m02='0.968259' m10='-0.000000' m11='1.000000' m12='0.000000' m20='-0.968259' m21='-0.000000' m22='-0.249948' m30='572.704590' m31='18.859097' m32='966.446716'/>
				<properties serialise_version='4' building_id='' starting_damage_unary='0.000000' on_fire='false' start_disabled='false' weak_point='false' ai_breachable='true' indestructible='false' dockable='true' toggleable='false' lite='false' clamp_to_surface='false' cast_shadows='true'/>
			</BUILDING>
			<BUILDING serialise_version='8' building_id='' parent_id='-1' building_key='brt_stone_a' position_type='BBPT_LF_RELATIVE' height_mode='BHM_ABSOLUTE'>
				<transform m00='-0.249949' m01='0.000000' m02='0.968259' m10='-0.000000' m11='1.000000' m12='0.000000' m20='-0.968259' m21='-0.000000' m22='-0.249949' m30='576.820251' m31='18.859097' m32='961.629822'/>
				<properties serialise_version='4' building_id='' starting_damage_unary='0.000000' on_fire='false' start_disabled='false' weak_point='false' ai_breachable='true' indestructible='false' dockable='true' toggleable='false' lite='false' clamp_to_surface='false' cast_shadows='true'/>
			</BUILDING>
			<BUILDING serialise_version='8' building_id='' parent_id='-1' building_key='brt_stone_a' position_type='BBPT_LF_RELATIVE' height_mode='BHM_ABSOLUTE'>
				<transform m00='-0.249949' m01='0.000000' m02='0.968259' m10='-0.000000' m11='1.000000' m12='0.000000' m20='-0.968259' m21='-0.000000' m22='-0.249949' m30='578.536743' m31='18.859097' m32='960.948669'/>
				<properties serialise_version='4' building_id='' starting_damage_unary='0.000000' on_fire='false' start_disabled='false' weak_point='false' ai_breachable='true' indestructible='false' dockable='true' toggleable='false' lite='false' clamp_to_surface='false' cast_shadows='true'/>
			</BUILDING>
			<BUILDING serialise_version='8' building_id='' parent_id='-1' building_key='brt_stone_a' position_type='BBPT_LF_RELATIVE' height_mode='BHM_ABSOLUTE'>
				<transform m00='-0.249950' m01='0.000000' m02='0.968259' m10='-0.000000' m11='1.000000' m12='0.000000' m20='-0.968259' m21='-0.000000' m22='-0.249950' m30='583.532471' m31='18.859098' m32='962.665283'/>
				<properties serialise_version='4' building_id='' starting_damage_unary='0.000000' on_fire='false' start_disabled='false' weak_point='false' ai_breachable='true' indestructible='false' dockable='true' toggleable='false' lite='false' clamp_to_surface='false' cast_shadows='true'/>
			</BUILDING>
			<BUILDING serialise_version='8' building_id='' parent_id='-1' building_key='brt_stone_a' position_type='BBPT_LF_RELATIVE' height_mode='BHM_ABSOLUTE'>
				<transform m00='0.843829' m01='0.000000' m02='0.536612' m10='-0.000000' m11='1.000000' m12='0.000000' m20='-0.536612' m21='-0.000000' m22='0.843829' m30='581.940430' m31='18.859098' m32='961.495361'/>
				<properties serialise_version='4' building_id='' starting_damage_unary='0.000000' on_fire='false' start_disabled='false' weak_point='false' ai_breachable='true' indestructible='false' dockable='true' toggleable='false' lite='false' clamp_to_surface='false' cast_shadows='true'/>
			</BUILDING>
			<BUILDING serialise_version='8' building_id='' parent_id='-1' building_key='brt_stone_a' position_type='BBPT_LF_RELATIVE' height_mode='BHM_ABSOLUTE'>
				<transform m00='0.843829' m01='0.000000' m02='0.536612' m10='-0.000000' m11='1.000000' m12='0.000000' m20='-0.536612' m21='-0.000000' m22='0.843829' m30='586.012146' m31='18.859100' m32='968.845886'/>
				<properties serialise_version='4' building_id='' starting_damage_unary='0.000000' on_fire='false' start_disabled='false' weak_point='false' ai_breachable='true' indestructible='false' dockable='true' toggleable='false' lite='false' clamp_to_surface='false' cast_shadows='true'/>
			</BUILDING>
			<BUILDING serialise_version='8' building_id='' parent_id='-1' building_key='brt_stone_a' position_type='BBPT_LF_RELATIVE' height_mode='BHM_ABSOLUTE'>
				<transform m00='0.843829' m01='0.000000' m02='0.536612' m10='-0.000000' m11='1.000000' m12='0.000000' m20='-0.536612' m21='-0.000000' m22='0.843829' m30='587.606506' m31='19.198002' m32='968.111023'/>
				<properties serialise_version='4' building_id='' starting_damage_unary='0.000000' on_fire='false' start_disabled='false' weak_point='false' ai_breachable='true' indestructible='false' dockable='true' toggleable='false' lite='false' clamp_to_surface='false' cast_shadows='true'/>
			</BUILDING>
			<BUILDING serialise_version='8' building_id='' parent_id='-1' building_key='brt_stone_a' position_type='BBPT_LF_RELATIVE' height_mode='BHM_ABSOLUTE'>
				<transform m00='-0.041369' m01='0.000000' m02='-0.999144' m10='0.000000' m11='1.000000' m12='0.000000' m20='0.999144' m21='0.000000' m22='-0.041369' m30='583.079407' m31='18.987450' m32='971.588257'/>
				<properties serialise_version='4' building_id='' starting_damage_unary='0.000000' on_fire='false' start_disabled='false' weak_point='false' ai_breachable='true' indestructible='false' dockable='true' toggleable='false' lite='false' clamp_to_surface='false' cast_shadows='true'/>
			</BUILDING>
			<BUILDING serialise_version='8' building_id='' parent_id='-1' building_key='brt_stone_a' position_type='BBPT_LF_RELATIVE' height_mode='BHM_ABSOLUTE'>
				<transform m00='-0.190809' m01='0.000000' m02='-0.981627' m10='0.000000' m11='1.000000' m12='0.000000' m20='0.981627' m21='0.000000' m22='-0.190809' m30='601.300354' m31='21.352079' m32='965.000610'/>
				<properties serialise_version='4' building_id='' starting_damage_unary='0.000000' on_fire='false' start_disabled='false' weak_point='false' ai_breachable='true' indestructible='false' dockable='true' toggleable='false' lite='false' clamp_to_surface='false' cast_shadows='true'/>
			</BUILDING>
			<BUILDING serialise_version='8' building_id='' parent_id='-1' building_key='brt_stone_a' position_type='BBPT_LF_RELATIVE' height_mode='BHM_ABSOLUTE'>
				<transform m00='-0.190809' m01='0.000000' m02='-0.981628' m10='0.000000' m11='1.000000' m12='0.000000' m20='0.981628' m21='0.000000' m22='-0.190809' m30='603.046326' m31='21.773726' m32='965.801880'/>
				<properties serialise_version='4' building_id='' starting_damage_unary='0.000000' on_fire='false' start_disabled='false' weak_point='false' ai_breachable='true' indestructible='false' dockable='true' toggleable='false' lite='false' clamp_to_surface='false' cast_shadows='true'/>
			</BUILDING>
			<BUILDING serialise_version='8' building_id='' parent_id='-1' building_key='brt_stone_a' position_type='BBPT_LF_RELATIVE' height_mode='BHM_ABSOLUTE'>
				<transform m00='-0.955324' m01='0.000000' m02='-0.295562' m10='0.000000' m11='1.000000' m12='0.000000' m20='0.295562' m21='0.000000' m22='-0.955324' m30='604.637817' m31='21.814260' m32='966.551697'/>
				<properties serialise_version='4' building_id='' starting_damage_unary='0.000000' on_fire='false' start_disabled='false' weak_point='false' ai_breachable='true' indestructible='false' dockable='true' toggleable='false' lite='false' clamp_to_surface='false' cast_shadows='true'/>
			</BUILDING>
			<BUILDING serialise_version='8' building_id='' parent_id='-1' building_key='brt_stone_a' position_type='BBPT_LF_RELATIVE' height_mode='BHM_ABSOLUTE'>
				<transform m00='-0.955324' m01='0.000000' m02='-0.295562' m10='0.000000' m11='1.000000' m12='0.000000' m20='0.295562' m21='0.000000' m22='-0.955324' m30='606.436890' m31='22.380014' m32='966.920288'/>
				<properties serialise_version='4' building_id='' starting_damage_unary='0.000000' on_fire='false' start_disabled='false' weak_point='false' ai_breachable='true' indestructible='false' dockable='true' toggleable='false' lite='false' clamp_to_surface='false' cast_shadows='true'/>
			</BUILDING>
			<BUILDING serialise_version='8' building_id='' parent_id='-1' building_key='brt_stone_a' position_type='BBPT_LF_RELATIVE' height_mode='BHM_ABSOLUTE'>
				<transform m00='-0.369719' m01='0.000000' m02='-0.929144' m10='0.000000' m11='1.000000' m12='0.000000' m20='0.929144' m21='0.000000' m22='-0.369719' m30='607.333557' m31='22.465630' m32='968.639648'/>
				<properties serialise_version='4' building_id='' starting_damage_unary='0.000000' on_fire='false' start_disabled='false' weak_point='false' ai_breachable='true' indestructible='false' dockable='true' toggleable='false' lite='false' clamp_to_surface='false' cast_shadows='true'/>
			</BUILDING>
			<BUILDING serialise_version='8' building_id='' parent_id='-1' building_key='brt_stone_a' position_type='BBPT_LF_RELATIVE' height_mode='BHM_ABSOLUTE'>
				<transform m00='-0.369719' m01='0.000000' m02='-0.929144' m10='0.000000' m11='1.000000' m12='0.000000' m20='0.929144' m21='0.000000' m22='-0.369719' m30='605.349365' m31='22.465630' m32='971.193176'/>
				<properties serialise_version='4' building_id='' starting_damage_unary='0.000000' on_fire='false' start_disabled='false' weak_point='false' ai_breachable='true' indestructible='false' dockable='true' toggleable='false' lite='false' clamp_to_surface='false' cast_shadows='true'/>
			</BUILDING>
			<BUILDING serialise_version='8' building_id='' parent_id='-1' building_key='brt_stone_a' position_type='BBPT_LF_RELATIVE' height_mode='BHM_ABSOLUTE'>
				<transform m00='-0.950897' m01='0.000000' m02='-0.309509' m10='0.000000' m11='1.000000' m12='0.000000' m20='0.309509' m21='0.000000' m22='-0.950897' m30='604.439270' m31='21.947104' m32='969.629272'/>
				<properties serialise_version='4' building_id='' starting_damage_unary='0.000000' on_fire='false' start_disabled='false' weak_point='false' ai_breachable='true' indestructible='false' dockable='true' toggleable='false' lite='false' clamp_to_surface='false' cast_shadows='true'/>
			</BUILDING>
			<BUILDING serialise_version='8' building_id='' parent_id='-1' building_key='brt_stone_a' position_type='BBPT_LF_RELATIVE' height_mode='BHM_ABSOLUTE'>
				<transform m00='-0.369720' m01='0.000000' m02='-0.929144' m10='0.000000' m11='1.000000' m12='0.000000' m20='0.929144' m21='0.000000' m22='-0.369720' m30='606.942688' m31='22.465628' m32='971.720520'/>
