<BATTLE_MAP_DEFINITION_DATA serialise_version='24'>
	<BATTLEFIELD_BUILDING_LIST serialise_version='1'>
		<BUILDINGS>
			<BUILDING serialise_version='8' building_id='' parent_id='-1' building_key='mtn_cliff_lrg_04' position_type='BBPT_LF_RELATIVE' height_mode='BHM_ABSOLUTE'>
				<transform m00='1.000000' m01='0.000000' m02='0.000000' m10='0.000000' m11='1.000000' m12='0.000000' m20='0.000000' m21='0.000000' m22='1.000000' m30='591.673279' m31='-138.923126' m32='1162.878052'/>
				<properties serialise_version='4' building_id='' starting_damage_unary='0.000000' on_fire='false' start_disabled='false' weak_point='false' ai_breachable='true' indestructible='false' dockable='true' toggleable='false' lite='false' clamp_to_surface='false' cast_shadows='false'/>
			</BUILDING>
			<BUILDING serialise_version='8' building_id='' parent_id='-1' building_key='mtn_cliff_lrg_04' position_type='BBPT_LF_RELATIVE' height_mode='BHM_ABSOLUTE'>
				<transform m00='0.634930' m01='0.000000' m02='0.772570' m10='-0.000000' m11='1.000000' m12='0.000000' m20='-0.772570' m21='-0.000000' m22='0.634930' m30='674.613708' m31='-236.979279' m32='1161.618286'/>
				<properties serialise_version='4' building_id='' starting_damage_unary='0.000000' on_fire='false' start_disabled='false' weak_point='false' ai_breachable='true' indestructible='false' dockable='true' toggleable='false' lite='false' clamp_to_surface='false' cast_shadows='false'/>
			</BUILDING>
			<BUILDING serialise_version='8' building_id='' parent_id='-1' building_key='mtn_cliff_lrg_04' position_type='BBPT_LF_RELATIVE' height_mode='BHM_ABSOLUTE'>
				<transform m00='0.634930' m01='0.000000' m02='0.772570' m10='-0.000000' m11='1.000000' m12='0.000000' m20='-0.772570' m21='-0.000000' m22='0.634930' m30='402.894043' m31='-236.979126' m32='1089.005615'/>
				<properties serialise_version='4' building_id='' starting_damage_unary='0.000000' on_fire='false' start_disabled='false' weak_point='false' ai_breachable='true' indestructible='false' dockable='true' toggleable='false' lite='false' clamp_to_surface='false' cast_shadows='false'/>
			</BUILDING>
			<BUILDING serialise_version='8' building_id='' parent_id='-1' building_key='mtn_cliff_lrg_04' position_type='BBPT_LF_RELATIVE' height_mode='BHM_ABSOLUTE'>
				<transform m00='1.000000' m01='0.000000' m02='0.000000' m10='0.000000' m11='1.000000' m12='0.000000' m20='0.000000' m21='0.000000' m22='1.000000' m30='352.324158' m31='60.101746' m32='1160.370850'/>
				<properties serialise_version='4' building_id='' starting_damage_unary='0.000000' on_fire='false' start_disabled='false' weak_point='false' ai_breachable='true' indestructible='false' dockable='true' toggleable='false' lite='false' clamp_to_surface='false' cast_shadows='false'/>
			</BUILDING>
			<BUILDING serialise_version='8' building_id='' parent_id='-1' building_key='dwf_barrel_02' position_type='BBPT_LF_RELATIVE' height_mode='BHM_ABSOLUTE'>
				<transform m00='0.987688' m01='0.000000' m02='-0.156434' m10='0.000000' m11='1.000000' m12='0.000000' m20='0.156434' m21='0.000000' m22='0.987688' m30='546.568848' m31='-2.515154' m32='1079.572021'/>
				<properties serialise_version='4' building_id='' starting_damage_unary='0.000000' on_fire='false' start_disabled='false' weak_point='false' ai_breachable='true' indestructible='false' dockable='true' toggleable='false' lite='false' clamp_to_surface='false' cast_shadows='true'/>
			</BUILDING>
			<BUILDING serialise_version='8' building_id='' parent_id='-1' building_key='dwf_barrel_01' position_type='BBPT_LF_RELATIVE' height_mode='BHM_ABSOLUTE'>
				<transform m00='0.987688' m01='0.000000' m02='-0.156434' m10='0.000000' m11='1.000000' m12='0.000000' m20='0.156434' m21='0.000000' m22='0.987688' m30='541.004028' m31='-2.396025' m32='1080.409058'/>
				<properties serialise_version='4' building_id='' starting_damage_unary='0.000000' on_fire='false' start_disabled='false' weak_point='false' ai_breachable='true' indestructible='false' dockable='true' toggleable='false' lite='false' clamp_to_surface='false' cast_shadows='true'/>
			</BUILDING>
			<BUILDING serialise_version='8' building_id='' parent_id='-1' building_key='dwf_barrel_01' position_type='BBPT_LF_RELATIVE' height_mode='BHM_ABSOLUTE'>
				<transform m00='0.987688' m01='0.000000' m02='-0.156434' m10='0.000000' m11='1.000000' m12='0.000000' m20='0.156434' m21='0.000000' m22='0.987688' m30='529.709717' m31='-1.552720' m32='1089.497192'/>
				<properties serialise_version='4' building_id='' starting_damage_unary='0.000000' on_fire='false' start_disabled='false' weak_point='false' ai_breachable='true' indestructible='false' dockable='true' toggleable='false' lite='false' clamp_to_surface='false' cast_shadows='true'/>
			</BUILDING>
			<BUILDING serialise_version='8' building_id='' parent_id='-1' building_key='dwf_cart_large_01' position_type='BBPT_LF_RELATIVE' height_mode='BHM_ABSOLUTE'>
				<transform m00='0.788011' m01='0.000000' m02='0.615661' m10='-0.000000' m11='1.000000' m12='0.000000' m20='-0.615661' m21='-0.000000' m22='0.788011' m30='555.470947' m31='-2.144148' m32='1083.057373'/>
				<properties serialise_version='4' building_id='' starting_damage_unary='0.000000' on_fire='false' start_disabled='false' weak_point='false' ai_breachable='true' indestructible='false' dockable='true' toggleable='false' lite='false' clamp_to_surface='false' cast_shadows='true'/>
			</BUILDING>
			<BUILDING serialise_version='8' building_id='' parent_id='-1' building_key='dwf_wooden_box' position_type='BBPT_LF_RELATIVE' height_mode='BHM_ABSOLUTE'>
				<transform m00='0.788011' m01='0.000000' m02='0.615661' m10='-0.000000' m11='1.000000' m12='0.000000' m20='-0.615661' m21='-0.000000' m22='0.788011' m30='526.056580' m31='-1.668954' m32='1087.550903'/>
				<properties serialise_version='4' building_id='' starting_damage_unary='0.000000' on_fire='false' start_disabled='false' weak_point='false' ai_breachable='true' indestructible='false' dockable='true' toggleable='false' lite='false' clamp_to_surface='false' cast_shadows='true'/>
			</BUILDING>
			<BUILDING serialise_version='8' building_id='' parent_id='-1' building_key='dwf_wooden_box' position_type='BBPT_LF_RELATIVE' height_mode='BHM_ABSOLUTE'>
				<transform m00='0.945519' m01='0.000000' m02='0.325568' m10='-0.000000' m11='1.000000' m12='0.000000' m20='-0.325568' m21='-0.000000' m22='0.945519' m30='522.600769' m31='-1.674428' m32='1087.284058'/>
				<properties serialise_version='4' building_id='' starting_damage_unary='0.000000' on_fire='false' start_disabled='false' weak_point='false' ai_breachable='true' indestructible='false' dockable='true' toggleable='false' lite='false' clamp_to_surface='false' cast_shadows='true'/>
			</BUILDING>
			<BUILDING serialise_version='8' building_id='' parent_id='-1' building_key='dwf_wooden_box' position_type='BBPT_LF_RELATIVE' height_mode='BHM_ABSOLUTE'>
				<transform m00='0.573576' m01='0.000000' m02='-0.819152' m10='0.000000' m11='1.000000' m12='0.000000' m20='0.819152' m21='0.000000' m22='0.573576' m30='549.538269' m31='-1.277723' m32='1094.676636'/>
				<properties serialise_version='4' building_id='' starting_damage_unary='0.000000' on_fire='false' start_disabled='false' weak_point='false' ai_breachable='true' indestructible='false' dockable='true' toggleable='false' lite='false' clamp_to_surface='false' cast_shadows='true'/>
			</BUILDING>
			<BUILDING serialise_version='8' building_id='' parent_id='-1' building_key='dwf_wooden_box' position_type='BBPT_LF_RELATIVE' height_mode='BHM_ABSOLUTE'>
				<transform m00='0.933580' m01='0.000000' m02='-0.358368' m10='0.000000' m11='1.000000' m12='0.000000' m20='0.358368' m21='0.000000' m22='0.933580' m30='557.526245' m31='-1.444961' m32='1091.777832'/>
				<properties serialise_version='4' building_id='' starting_damage_unary='0.000000' on_fire='false' start_disabled='false' weak_point='false' ai_breachable='true' indestructible='false' dockable='true' toggleable='false' lite='false' clamp_to_surface='false' cast_shadows='true'/>
			</BUILDING>
			<BUILDING serialise_version='8' building_id='' parent_id='-1' building_key='dwf_wooden_cart' position_type='BBPT_LF_RELATIVE' height_mode='BHM_ABSOLUTE'>
				<transform m00='0.390731' m01='0.000000' m02='0.920505' m10='-0.000000' m11='1.000000' m12='0.000000' m20='-0.920505' m21='-0.000000' m22='0.390731' m30='533.554199' m31='-2.083289' m32='1082.993408'/>
				<properties serialise_version='4' building_id='' starting_damage_unary='0.000000' on_fire='false' start_disabled='false' weak_point='false' ai_breachable='true' indestructible='false' dockable='true' toggleable='false' lite='false' clamp_to_surface='false' cast_shadows='true'/>
			</BUILDING>
			<BUILDING serialise_version='8' building_id='' parent_id='-1' building_key='dwf_wooden_cart' position_type='BBPT_LF_RELATIVE' height_mode='BHM_ABSOLUTE'>
				<transform m00='-0.156435' m01='0.000000' m02='-0.987688' m10='0.000000' m11='1.000000' m12='0.000000' m20='0.987688' m21='0.000000' m22='-0.156435' m30='542.780029' m31='-1.521390' m32='1090.485107'/>
				<properties serialise_version='4' building_id='' starting_damage_unary='0.000000' on_fire='false' start_disabled='false' weak_point='false' ai_breachable='true' indestructible='false' dockable='true' toggleable='false' lite='false' clamp_to_surface='false' cast_shadows='true'/>
			</BUILDING>
			<BUILDING serialise_version='8' building_id='' parent_id='-1' building_key='dwf_debris_03' position_type='BBPT_LF_RELATIVE' height_mode='BHM_ABSOLUTE'>
				<transform m00='-0.156435' m01='0.000000' m02='-0.987688' m10='0.000000' m11='1.000000' m12='0.000000' m20='0.987688' m21='0.000000' m22='-0.156435' m30='514.966187' m31='-1.773342' m32='1085.523560'/>
				<properties serialise_version='4' building_id='' starting_damage_unary='0.000000' on_fire='false' start_disabled='false' weak_point='false' ai_breachable='true' indestructible='false' dockable='true' toggleable='false' lite='false' clamp_to_surface='false' cast_shadows='true'/>
			</BUILDING>
			<BUILDING serialise_version='8' building_id='' parent_id='-1' building_key='dwf_debris_03' position_type='BBPT_LF_RELATIVE' height_mode='BHM_ABSOLUTE'>
				<transform m00='-0.156435' m01='0.000000' m02='-0.987688' m10='0.000000' m11='1.000000' m12='0.000000' m20='0.987688' m21='0.000000' m22='-0.156435' m30='526.204346' m31='-1.375422' m32='1092.302734'/>
				<properties serialise_version='4' building_id='' starting_damage_unary='0.000000' on_fire='false' start_disabled='false' weak_point='false' ai_breachable='true' indestructible='false' dockable='true' toggleable='false' lite='false' clamp_to_surface='false' cast_shadows='true'/>
			</BUILDING>
			<BUILDING serialise_version='8' building_id='' parent_id='-1' building_key='dwf_debris_02' position_type='BBPT_LF_RELATIVE' height_mode='BHM_ABSOLUTE'>
				<transform m00='-0.156435' m01='0.000000' m02='-0.987688' m10='0.000000' m11='1.000000' m12='0.000000' m20='0.987688' m21='0.000000' m22='-0.156435' m30='522.216370' m31='-1.871895' m32='1084.583618'/>
				<properties serialise_version='4' building_id='' starting_damage_unary='0.000000' on_fire='false' start_disabled='false' weak_point='false' ai_breachable='true' indestructible='false' dockable='true' toggleable='false' lite='false' clamp_to_surface='false' cast_shadows='true'/>
			</BUILDING>
			<BUILDING serialise_version='8' building_id='' parent_id='-1' building_key='dwf_debris_06' position_type='BBPT_LF_RELATIVE' height_mode='BHM_ABSOLUTE'>
				<transform m00='-0.156435' m01='0.000000' m02='-0.987688' m10='0.000000' m11='1.000000' m12='0.000000' m20='0.987688' m21='0.000000' m22='-0.156435' m30='510.991028' m31='-1.556707' m32='1088.692749'/>
				<properties serialise_version='4' building_id='' starting_damage_unary='0.000000' on_fire='false' start_disabled='false' weak_point='false' ai_breachable='true' indestructible='false' dockable='true' toggleable='false' lite='false' clamp_to_surface='false' cast_shadows='true'/>
			</BUILDING>
			<BUILDING serialise_version='8' building_id='' parent_id='-1' building_key='dwf_debris_08' position_type='BBPT_LF_RELATIVE' height_mode='BHM_ABSOLUTE'>
				<transform m00='-0.156435' m01='0.000000' m02='-0.987688' m10='0.000000' m11='1.000000' m12='0.000000' m20='0.987688' m21='0.000000' m22='-0.156435' m30='520.197815' m31='-2.073048' m32='1082.043335'/>
				<properties serialise_version='4' building_id='' starting_damage_unary='0.000000' on_fire='false' start_disabled='false' weak_point='false' ai_breachable='true' indestructible='false' dockable='true' toggleable='false' lite='false' clamp_to_surface='false' cast_shadows='true'/>
			</BUILDING>
			<BUILDING serialise_version='8' building_id='' parent_id='-1' building_key='dwf_debris_08' position_type='BBPT_LF_RELATIVE' height_mode='BHM_ABSOLUTE'>
				<transform m00='-0.156435' m01='0.000000' m02='-0.987688' m10='0.000000' m11='1.000000' m12='0.000000' m20='0.987688' m21='0.000000' m22='-0.156435' m30='476.249298' m31='-0.535396' m32='1117.571045'/>
				<properties serialise_version='4' building_id='' starting_damage_unary='0.000000' on_fire='false' start_disabled='false' weak_point='false' ai_breachable='true' indestructible='false' dockable='true' toggleable='false' lite='false' clamp_to_surface='false' cast_shadows='true'/>
			</BUILDING>
			<BUILDING serialise_version='8' building_id='' parent_id='-1' building_key='dwf_debris_07' position_type='BBPT_LF_RELATIVE' height_mode='BHM_ABSOLUTE'>
				<transform m00='-0.156435' m01='0.000000' m02='-0.987688' m10='0.000000' m11='1.000000' m12='0.000000' m20='0.987688' m21='0.000000' m22='-0.156435' m30='482.514099' m31='-1.106960' m32='1096.986450'/>
				<properties serialise_version='4' building_id='' starting_damage_unary='0.000000' on_fire='false' start_disabled='false' weak_point='false' ai_breachable='true' indestructible='false' dockable='true' toggleable='false' lite='false' clamp_to_surface='false' cast_shadows='true'/>
			</BUILDING>
			<BUILDING serialise_version='8' building_id='' parent_id='-1' building_key='dwf_debris_06' position_type='BBPT_LF_RELATIVE' height_mode='BHM_ABSOLUTE'>
				<transform m00='-0.156435' m01='0.000000' m02='-0.987688' m10='0.000000' m11='1.000000' m12='0.000000' m20='0.987688' m21='0.000000' m22='-0.156435' m30='490.386353' m31='-1.836981' m32='1083.777588'/>
				<properties serialise_version='4' building_id='' starting_damage_unary='0.000000' on_fire='false' start_disabled='false' weak_point='false' ai_breachable='true' indestructible='false' dockable='true' toggleable='false' lite='false' clamp_to_surface='false' cast_shadows='true'/>
			</BUILDING>
			<BUILDING serialise_version='8' building_id='' parent_id='-1' building_key='dwf_debris_06' position_type='BBPT_LF_RELATIVE' height_mode='BHM_ABSOLUTE'>
				<transform m00='-0.156435' m01='0.000000' m02='-0.987688' m10='0.000000' m11='1.000000' m12='0.000000' m20='0.987688' m21='0.000000' m22='-0.156435' m30='482.805634' m31='-1.574875' m32='1087.037598'/>
				<properties serialise_version='4' building_id='' starting_damage_unary='0.000000' on_fire='false' start_disabled='false' weak_point='false' ai_breachable='true' indestructible='false' dockable='true' toggleable='false' lite='false' clamp_to_surface='false' cast_shadows='true'/>
			</BUILDING>
			<BUILDING serialise_version='8' building_id='' parent_id='-1' building_key='dwf_debris_06' position_type='BBPT_LF_RELATIVE' height_mode='BHM_ABSOLUTE'>
				<transform m00='-0.156435' m01='0.000000' m02='-0.987688' m10='0.000000' m11='1.000000' m12='0.000000' m20='0.987688' m21='0.000000' m22='-0.156435' m30='463.052856' m31='-0.572197' m32='1115.509277'/>
				<properties serialise_version='4' building_id='' starting_damage_unary='0.000000' on_fire='false' start_disabled='false' weak_point='false' ai_breachable='true' indestructible='false' dockable='true' toggleable='false' lite='false' clamp_to_surface='false' cast_shadows='true'/>
			</BUILDING>
			<BUILDING serialise_version='8' building_id='' parent_id='-1' building_key='dwf_debris_06' position_type='BBPT_LF_RELATIVE' height_mode='BHM_ABSOLUTE'>
				<transform m00='-0.156435' m01='0.000000' m02='-0.987688' m10='0.000000' m11='1.000000' m12='0.000000' m20='0.987688' m21='0.000000' m22='-0.156435' m30='497.417084' m31='-0.173468' m32='1100.407227'/>
				<properties serialise_version='4' building_id='' starting_damage_unary='0.000000' on_fire='false' start_disabled='false' weak_point='false' ai_breachable='true' indestructible='false' dockable='true' toggleable='false' lite='false' clamp_to_surface='false' cast_shadows='true'/>
			</BUILDING>
			<BUILDING serialise_version='8' building_id='' parent_id='-1' building_key='dwf_debris_06' position_type='BBPT_LF_RELATIVE' height_mode='BHM_ABSOLUTE'>
				<transform m00='-0.156435' m01='0.000000' m02='-0.987688' m10='0.000000' m11='1.000000' m12='0.000000' m20='0.987688' m21='0.000000' m22='-0.156435' m30='510.752380' m31='5.091160' m32='1126.960693'/>
				<properties serialise_version='4' building_id='' starting_damage_unary='0.000000' on_fire='false' start_disabled='false' weak_point='false' ai_breachable='true' indestructible='false' dockable='true' toggleable='false' lite='false' clamp_to_surface='false' cast_shadows='true'/>
			</BUILDING>
			<BUILDING serialise_version='8' building_id='' parent_id='-1' building_key='dwf_debris_06' position_type='BBPT_LF_RELATIVE' height_mode='BHM_ABSOLUTE'>
				<transform m00='0.342020' m01='0.000000' m02='-0.939693' m10='0.000000' m11='1.000000' m12='0.000000' m20='0.939693' m21='0.000000' m22='0.342020' m30='510.013702' m31='-1.484489' m32='1089.882690'/>
				<properties serialise_version='4' building_id='' starting_damage_unary='0.000000' on_fire='false' start_disabled='false' weak_point='false' ai_breachable='true' indestructible='false' dockable='true' toggleable='false' lite='false' clamp_to_surface='false' cast_shadows='true'/>
			</BUILDING>
			<BUILDING serialise_version='8' building_id='' parent_id='-1' building_key='dwf_debris_06' position_type='BBPT_LF_RELATIVE' height_mode='BHM_ABSOLUTE'>
				<transform m00='0.342020' m01='0.000000' m02='-0.939693' m10='0.000000' m11='1.000000' m12='0.000000' m20='0.939693' m21='0.000000' m22='0.342020' m30='497.662933' m31='-1.505333' m32='1089.303101'/>
				<properties serialise_version='4' building_id='' starting_damage_unary='0.000000' on_fire='false' start_disabled='false' weak_point='false' ai_breachable='true' indestructible='false' dockable='true' toggleable='false' lite='false' clamp_to_surface='false' cast_shadows='true'/>
			</BUILDING>
			<BUILDING serialise_version='8' building_id='' parent_id='-1' building_key='dwf_debris_06' position_type='BBPT_LF_RELATIVE' height_mode='BHM_ABSOLUTE'>
				<transform m00='0.342020' m01='0.000000' m02='-0.939693' m10='0.000000' m11='1.000000' m12='0.000000' m20='0.939693' m21='0.000000' m22='0.342020' m30='490.848419' m31='5.091164' m32='1127.715820'/>
				<properties serialise_version='4' building_id='' starting_damage_unary='0.000000' on_fire='false' start_disabled='false' weak_point='false' ai_breachable='true' indestructible='false' dockable='true' toggleable='false' lite='false' clamp_to_surface='false' cast_shadows='true'/>
			</BUILDING>
			<BUILDING serialise_version='8' building_id='' parent_id='-1' building_key='dwf_debris_04' position_type='BBPT_LF_RELATIVE' height_mode='BHM_ABSOLUTE'>
				<transform m00='0.342020' m01='0.000000' m02='-0.939693' m10='0.000000' m11='1.000000' m12='0.000000' m20='0.939693' m21='0.000000' m22='0.342020' m30='498.742218' m31='-1.308464' m32='1093.058716'/>
				<properties serialise_version='4' building_id='' starting_damage_unary='0.000000' on_fire='false' start_disabled='false' weak_point='false' ai_breachable='true' indestructible='false' dockable='true' toggleable='false' lite='false' clamp_to_surface='false' cast_shadows='true'/>
			</BUILDING>
			<BUILDING serialise_version='8' building_id='' parent_id='-1' building_key='dwf_debris_04' position_type='BBPT_LF_RELATIVE' height_mode='BHM_ABSOLUTE'>
				<transform m00='0.342020' m01='0.000000' m02='-0.939693' m10='0.000000' m11='1.000000' m12='0.000000' m20='0.939693' m21='0.000000' m22='0.342020' m30='490.012573' m31='-1.432323' m32='1090.253662'/>
				<properties serialise_version='4' building_id='' starting_damage_unary='0.000000' on_fire='false' start_disabled='false' weak_point='false' ai_breachable='true' indestructible='false' dockable='true' toggleable='false' lite='false' clamp_to_surface='false' cast_shadows='true'/>
			</BUILDING>
			<BUILDING serialise_version='8' building_id='' parent_id='-1' building_key='dwf_debris_04' position_type='BBPT_LF_RELATIVE' height_mode='BHM_ABSOLUTE'>
				<transform m00='0.342020' m01='0.000000' m02='-0.939693' m10='0.000000' m11='1.000000' m12='0.000000' m20='0.939693' m21='0.000000' m22='0.342020' m30='474.582611' m31='-0.800793' m32='1106.396362'/>
				<properties serialise_version='4' building_id='' starting_damage_unary='0.000000' on_fire='false' start_disabled='false' weak_point='false' ai_breachable='true' indestructible='false' dockable='true' toggleable='false' lite='false' clamp_to_surface='false' cast_shadows='true'/>
			</BUILDING>
			<BUILDING serialise_version='8' building_id='' parent_id='-1' building_key='dwf_debris_04' position_type='BBPT_LF_RELATIVE' height_mode='BHM_ABSOLUTE'>
				<transform m00='0.342020' m01='0.000000' m02='-0.939693' m10='0.000000' m11='1.000000' m12='0.000000' m20='0.939693' m21='0.000000' m22='0.342020' m30='458.872009' m31='-0.345451' m32='1124.875366'/>
				<properties serialise_version='4' building_id='' starting_damage_unary='0.000000' on_fire='false' start_disabled='false' weak_point='false' ai_breachable='true' indestructible='false' dockable='true' toggleable='false' lite='false' clamp_to_surface='false' cast_shadows='true'/>
			</BUILDING>
			<BUILDING serialise_version='8' building_id='' parent_id='-1' building_key='dwf_debris_04' position_type='BBPT_LF_RELATIVE' height_mode='BHM_ABSOLUTE'>
				<transform m00='0.342020' m01='0.000000' m02='-0.939693' m10='0.000000' m11='1.000000' m12='0.000000' m20='0.939693' m21='0.000000' m22='0.342020' m30='454.642609' m31='-0.600658' m32='1110.697266'/>
				<properties serialise_version='4' building_id='' starting_damage_unary='0.000000' on_fire='false' start_disabled='false' weak_point='false' ai_breachable='true' indestructible='false' dockable='true' toggleable='false' lite='false' clamp_to_surface='false' cast_shadows='true'/>
			</BUILDING>
			<BUILDING serialise_version='8' building_id='' parent_id='-1' building_key='dwf_debris_04' position_type='BBPT_LF_RELATIVE' height_mode='BHM_ABSOLUTE'>
				<transform m00='0.342020' m01='0.000000' m02='-0.939693' m10='0.000000' m11='1.000000' m12='0.000000' m20='0.939693' m21='0.000000' m22='0.342020' m30='469.253998' m31='-0.977707' m32='1099.455566'/>
				<properties serialise_version='4' building_id='' starting_damage_unary='0.000000' on_fire='false' start_disabled='false' weak_point='false' ai_breachable='true' indestructible='false' dockable='true' toggleable='false' lite='false' clamp_to_surface='false' cast_shadows='true'/>
			</BUILDING>
			<BUILDING serialise_version='8' building_id='' parent_id='-1' building_key='dwf_debris_04' position_type='BBPT_LF_RELATIVE' height_mode='BHM_ABSOLUTE'>
				<transform m00='0.342020' m01='0.000000' m02='-0.939693' m10='0.000000' m11='1.000000' m12='0.000000' m20='0.939693' m21='0.000000' m22='0.342020' m30='514.046692' m31='-2.717499' m32='1075.605347'/>
				<properties serialise_version='4' building_id='' starting_damage_unary='0.000000' on_fire='false' start_disabled='false' weak_point='false' ai_breachable='true' indestructible='false' dockable='true' toggleable='false' lite='false' clamp_to_surface='false' cast_shadows='true'/>
			</BUILDING>
			<BUILDING serialise_version='8' building_id='' parent_id='-1' building_key='dwf_debris_04' position_type='BBPT_LF_RELATIVE' height_mode='BHM_ABSOLUTE'>
				<transform m00='0.342020' m01='0.000000' m02='-0.939693' m10='0.000000' m11='1.000000' m12='0.000000' m20='0.939693' m21='0.000000' m22='0.342020' m30='531.770813' m31='-2.842838' m32='1076.278320'/>
				<properties serialise_version='4' building_id='' starting_damage_unary='0.000000' on_fire='false' start_disabled='false' weak_point='false' ai_breachable='true' indestructible='false' dockable='true' toggleable='false' lite='false' clamp_to_surface='false' cast_shadows='true'/>
			</BUILDING>
			<BUILDING serialise_version='8' building_id='' parent_id='-1' building_key='dwf_debris_04' position_type='BBPT_LF_RELATIVE' height_mode='BHM_ABSOLUTE'>
				<transform m00='0.342020' m01='0.000000' m02='-0.939693' m10='0.000000' m11='1.000000' m12='0.000000' m20='0.939693' m21='0.000000' m22='0.342020' m30='538.051392' m31='-3.639969' m32='1071.702026'/>
				<properties serialise_version='4' building_id='' starting_damage_unary='0.000000' on_fire='false' start_disabled='false' weak_point='false' ai_breachable='true' indestructible='false' dockable='true' toggleable='false' lite='false' clamp_to_surface='false' cast_shadows='true'/>
			</BUILDING>
			<BUILDING serialise_version='8' building_id='' parent_id='-1' building_key='dwf_debris_04' position_type='BBPT_LF_RELATIVE' height_mode='BHM_ABSOLUTE'>
				<transform m00='-0.275637' m01='0.000000' m02='-0.961262' m10='0.000000' m11='1.000000' m12='0.000000' m20='0.961262' m21='0.000000' m22='-0.275637' m30='554.007874' m31='-3.366310' m32='1073.803955'/>
				<properties serialise_version='4' building_id='' starting_damage_unary='0.000000' on_fire='false' start_disabled='false' weak_point='false' ai_breachable='true' indestructible='false' dockable='true' toggleable='false' lite='false' clamp_to_surface='false' cast_shadows='true'/>
			</BUILDING>
			<BUILDING serialise_version='8' building_id='' parent_id='-1' building_key='dwf_debris_04' position_type='BBPT_LF_RELATIVE' height_mode='BHM_ABSOLUTE'>
				<transform m00='-0.275637' m01='0.000000' m02='-0.961262' m10='0.000000' m11='1.000000' m12='0.000000' m20='0.961262' m21='0.000000' m22='-0.275637' m30='541.091309' m31='-1.153599' m32='1097.126587'/>
				<properties serialise_version='4' building_id='' starting_damage_unary='0.000000' on_fire='false' start_disabled='false' weak_point='false' ai_breachable='true' indestructible='false' dockable='true' toggleable='false' lite='false' clamp_to_surface='false' cast_shadows='true'/>
			</BUILDING>
			<BUILDING serialise_version='8' building_id='' parent_id='-1' building_key='dwf_debris_04' position_type='BBPT_LF_RELATIVE' height_mode='BHM_ABSOLUTE'>
				<transform m00='-0.275637' m01='0.000000' m02='-0.961262' m10='0.000000' m11='1.000000' m12='0.000000' m20='0.961262' m21='0.000000' m22='-0.275637' m30='525.511169' m31='-0.833660' m32='1105.768921'/>
				<properties serialise_version='4' building_id='' starting_damage_unary='0.000000' on_fire='false' start_disabled='false' weak_point='false' ai_breachable='true' indestructible='false' dockable='true' toggleable='false' lite='false' clamp_to_surface='false' cast_shadows='true'/>
			</BUILDING>
			<BUILDING serialise_version='8' building_id='' parent_id='-1' building_key='dwf_debris_04' position_type='BBPT_LF_RELATIVE' height_mode='BHM_ABSOLUTE'>
				<transform m00='-0.275637' m01='0.000000' m02='-0.961262' m10='0.000000' m11='1.000000' m12='0.000000' m20='0.961262' m21='0.000000' m22='-0.275637' m30='501.923096' m31='5.091164' m32='1122.298828'/>
				<properties serialise_version='4' building_id='' starting_damage_unary='0.000000' on_fire='false' start_disabled='false' weak_point='false' ai_breachable='true' indestructible='false' dockable='true' toggleable='false' lite='false' clamp_to_surface='false' cast_shadows='true'/>
			</BUILDING>
			<BUILDING serialise_version='8' building_id='' parent_id='-1' building_key='dwf_debris_04' position_type='BBPT_LF_RELATIVE' height_mode='BHM_ABSOLUTE'>
				<transform m00='-0.275637' m01='0.000000' m02='-0.961262' m10='0.000000' m11='1.000000' m12='0.000000' m20='0.961262' m21='0.000000' m22='-0.275637' m30='498.992523' m31='3.075262' m32='1112.975098'/>
				<properties serialise_version='4' building_id='' starting_damage_unary='0.000000' on_fire='false' start_disabled='false' weak_point='false' ai_breachable='true' indestructible='false' dockable='true' toggleable='false' lite='false' clamp_to_surface='false' cast_shadows='true'/>
			</BUILDING>
			<BUILDING serialise_version='8' building_id='' parent_id='-1' building_key='dwf_rubble_small_02' position_type='BBPT_LF_RELATIVE' height_mode='BHM_ABSOLUTE'>
				<transform m00='0.882948' m01='0.000000' m02='0.469471' m10='-0.000000' m11='1.000000' m12='0.000000' m20='-0.469471' m21='-0.000000' m22='0.882948' m30='486.302673' m31='-1.050766' m32='1094.807617'/>
				<properties serialise_version='4' building_id='' starting_damage_unary='0.000000' on_fire='false' start_disabled='false' weak_point='false' ai_breachable='true' indestructible='false' dockable='true' toggleable='false' lite='false' clamp_to_surface='false' cast_shadows='true'/>
			</BUILDING>
			<BUILDING serialise_version='8' building_id='' parent_id='-1' building_key='dwf_rubble_small_02' position_type='BBPT_LF_RELATIVE' height_mode='BHM_ABSOLUTE'>
				<transform m00='-0.224950' m01='0.000000' m02='0.974370' m10='-0.000000' m11='1.000000' m12='0.000000' m20='-0.974370' m21='-0.000000' m22='-0.224950' m30='479.779510' m31='-0.323088' m32='1126.690552'/>
				<properties serialise_version='4' building_id='' starting_damage_unary='0.000000' on_fire='false' start_disabled='false' weak_point='false' ai_breachable='true' indestructible='false' dockable='true' toggleable='false' lite='false' clamp_to_surface='false' cast_shadows='true'/>
			</BUILDING>
			<BUILDING serialise_version='8' building_id='' parent_id='-1' building_key='dwf_rubble_small_02' position_type='BBPT_LF_RELATIVE' height_mode='BHM_ABSOLUTE'>
				<transform m00='-0.224950' m01='0.000000' m02='0.974370' m10='-0.000000' m11='1.000000' m12='0.000000' m20='-0.974370' m21='-0.000000' m22='-0.224950' m30='519.685608' m31='-1.541891' m32='1089.192261'/>
				<properties serialise_version='4' building_id='' starting_damage_unary='0.000000' on_fire='false' start_disabled='false' weak_point='false' ai_breachable='true' indestructible='false' dockable='true' toggleable='false' lite='false' clamp_to_surface='false' cast_shadows='true'/>
			</BUILDING>
			<BUILDING serialise_version='8' building_id='' parent_id='-1' building_key='dwf_tower_freestanding_01' position_type='BBPT_LF_RELATIVE' height_mode='BHM_ABSOLUTE'>
				<transform m00='-0.224950' m01='0.000000' m02='0.974370' m10='-0.000000' m11='1.000000' m12='0.000000' m20='-0.974370' m21='-0.000000' m22='-0.224950' m30='565.698486' m31='-9.916599' m32='1069.495483'/>
				<properties serialise_version='4' building_id='' starting_damage_unary='1.000000' on_fire='false' start_disabled='false' weak_point='false' ai_breachable='true' indestructible='false' dockable='true' toggleable='false' lite='false' clamp_to_surface='false' cast_shadows='true'/>
			</BUILDING>
			<BUILDING serialise_version='8' building_id='' parent_id='-1' building_key='glb_fence_01' position_type='BBPT_LF_RELATIVE' height_mode='BHM_ABSOLUTE'>
				<transform m00='-0.998629' m01='0.000000' m02='0.052336' m10='-0.000000' m11='1.000000' m12='0.000000' m20='-0.052336' m21='-0.000000' m22='-0.998629' m30='556.780701' m31='-3.612361' m32='1072.246704'/>
				<properties serialise_version='4' building_id='' starting_damage_unary='0.000000' on_fire='false' start_disabled='false' weak_point='false' ai_breachable='true' indestructible='false' dockable='true' toggleable='false' lite='false' clamp_to_surface='false' cast_shadows='true'/>
			</BUILDING>
			<BUILDING serialise_version='8' building_id='' parent_id='-1' building_key='glb_fence_01' position_type='BBPT_LF_RELATIVE' height_mode='BHM_ABSOLUTE'>
				<transform m00='0.857167' m01='0.000000' m02='-0.515038' m10='0.000000' m11='1.000000' m12='0.000000' m20='0.515038' m21='0.000000' m22='0.857167' m30='552.128662' m31='-3.462949' m32='1073.210938'/>
				<properties serialise_version='4' building_id='' starting_damage_unary='0.000000' on_fire='false' start_disabled='false' weak_point='false' ai_breachable='true' indestructible='false' dockable='true' toggleable='false' lite='false' clamp_to_surface='false' cast_shadows='true'/>
			</BUILDING>
			<BUILDING serialise_version='8' building_id='' parent_id='-1' building_key='glb_fence_01' position_type='BBPT_LF_RELATIVE' height_mode='BHM_ABSOLUTE'>
				<transform m00='0.587785' m01='0.000000' m02='0.809017' m10='-0.000000' m11='1.000000' m12='0.000000' m20='-0.809017' m21='-0.000000' m22='0.587785' m30='548.282104' m31='-3.491861' m32='1073.001465'/>
				<properties serialise_version='4' building_id='' starting_damage_unary='0.000000' on_fire='false' start_disabled='false' weak_point='false' ai_breachable='true' indestructible='false' dockable='true' toggleable='false' lite='false' clamp_to_surface='false' cast_shadows='true'/>
			</BUILDING>
			<BUILDING serialise_version='8' building_id='' parent_id='-1' building_key='glb_fence_01' position_type='BBPT_LF_RELATIVE' height_mode='BHM_ABSOLUTE'>
				<transform m00='0.994522' m01='0.000000' m02='0.104528' m10='-0.000000' m11='1.000000' m12='0.000000' m20='-0.104528' m21='-0.000000' m22='0.994522' m30='538.011658' m31='-3.424617' m32='1073.005005'/>
				<properties serialise_version='4' building_id='' starting_damage_unary='0.000000' on_fire='false' start_disabled='false' weak_point='false' ai_breachable='true' indestructible='false' dockable='true' toggleable='false' lite='false' clamp_to_surface='false' cast_shadows='true'/>
			</BUILDING>
			<BUILDING serialise_version='8' building_id='' parent_id='-1' building_key='glb_fence_01' position_type='BBPT_LF_RELATIVE' height_mode='BHM_ABSOLUTE'>
				<transform m00='0.573576' m01='0.000000' m02='-0.819152' m10='0.000000' m11='1.000000' m12='0.000000' m20='0.819152' m21='0.000000' m22='0.573576' m30='534.208374' m31='-3.123846' m32='1074.638062'/>
				<properties serialise_version='4' building_id='' starting_damage_unary='0.000000' on_fire='false' start_disabled='false' weak_point='false' ai_breachable='true' indestructible='false' dockable='true' toggleable='false' lite='false' clamp_to_surface='false' cast_shadows='true'/>
			</BUILDING>
			<BUILDING serialise_version='8' building_id='' parent_id='-1' building_key='glb_fence_01' position_type='BBPT_LF_RELATIVE' height_mode='BHM_ABSOLUTE'>
				<transform m00='0.866025' m01='0.000000' m02='-0.500000' m10='0.000000' m11='1.000000' m12='0.000000' m20='0.500000' m21='0.000000' m22='0.866025' m30='530.525757' m31='-2.652371' m32='1077.511841'/>
				<properties serialise_version='4' building_id='' starting_damage_unary='0.000000' on_fire='false' start_disabled='false' weak_point='false' ai_breachable='true' indestructible='false' dockable='true' toggleable='false' lite='false' clamp_to_surface='false' cast_shadows='true'/>
			</BUILDING>
			<BUILDING serialise_version='8' building_id='' parent_id='-1' building_key='glb_fence_01' position_type='BBPT_LF_RELATIVE' height_mode='BHM_ABSOLUTE'>
				<transform m00='-0.438371' m01='0.000000' m02='0.898794' m10='-0.000000' m11='1.000000' m12='0.000000' m20='-0.898794' m21='-0.000000' m22='-0.438371' m30='527.006104' m31='-2.216626' m32='1081.070435'/>
				<properties serialise_version='4' building_id='' starting_damage_unary='0.000000' on_fire='false' start_disabled='false' weak_point='false' ai_breachable='true' indestructible='false' dockable='true' toggleable='false' lite='false' clamp_to_surface='false' cast_shadows='true'/>
			</BUILDING>
			<BUILDING serialise_version='8' building_id='' parent_id='-1' building_key='glb_fence_01' position_type='BBPT_LF_RELATIVE' height_mode='BHM_ABSOLUTE'>
				<transform m00='-0.766044' m01='0.000000' m02='0.642788' m10='-0.000000' m11='1.000000' m12='0.000000' m20='-0.642788' m21='-0.000000' m22='-0.766044' m30='524.150574' m31='-1.868018' m32='1084.764404'/>
				<properties serialise_version='4' building_id='' starting_damage_unary='0.000000' on_fire='false' start_disabled='false' weak_point='false' ai_breachable='true' indestructible='false' dockable='true' toggleable='false' lite='false' clamp_to_surface='false' cast_shadows='true'/>
			</BUILDING>
			<BUILDING serialise_version='8' building_id='' parent_id='-1' building_key='glb_fence_01' position_type='BBPT_LF_RELATIVE' height_mode='BHM_ABSOLUTE'>
				<transform m00='-0.777146' m01='0.000000' m02='-0.629320' m10='0.000000' m11='1.000000' m12='0.000000' m20='0.629320' m21='0.000000' m22='-0.777146' m30='571.681763' m31='-2.776081' m32='1077.231567'/>
				<properties serialise_version='4' building_id='' starting_damage_unary='0.000000' on_fire='false' start_disabled='false' weak_point='false' ai_breachable='true' indestructible='false' dockable='true' toggleable='false' lite='false' clamp_to_surface='false' cast_shadows='true'/>
			</BUILDING>
			<BUILDING serialise_version='8' building_id='' parent_id='-1' building_key='glb_fence_01' position_type='BBPT_LF_RELATIVE' height_mode='BHM_ABSOLUTE'>
				<transform m00='-0.156435' m01='0.000000' m02='-0.987688' m10='0.000000' m11='1.000000' m12='0.000000' m20='0.987688' m21='0.000000' m22='-0.156435' m30='574.086304' m31='-2.375280' m32='1080.401245'/>
				<properties serialise_version='4' building_id='' starting_damage_unary='0.000000' on_fire='false' start_disabled='false' weak_point='false' ai_breachable='true' indestructible='false' dockable='true' toggleable='false' lite='false' clamp_to_surface='false' cast_shadows='true'/>
			</BUILDING>
			<BUILDING serialise_version='8' building_id='' parent_id='-1' building_key='glb_campfire_03' position_type='BBPT_LF_RELATIVE' height_mode='BHM_ABSOLUTE'>
				<transform m00='-0.156435' m01='0.000000' m02='-0.987688' m10='0.000000' m11='1.000000' m12='0.000000' m20='0.987688' m21='0.000000' m22='-0.156435' m30='539.465698' m31='-2.668118' m32='1078.018677'/>
				<properties serialise_version='4' building_id='' starting_damage_unary='0.000000' on_fire='false' start_disabled='false' weak_point='false' ai_breachable='true' indestructible='false' dockable='true' toggleable='false' lite='false' clamp_to_surface='false' cast_shadows='true'/>
			</BUILDING>
			<BUILDING serialise_version='8' building_id='' parent_id='-1' building_key='glb_lantern_01' position_type='BBPT_LF_RELATIVE' height_mode='BHM_ABSOLUTE'>
				<transform m00='-0.156435' m01='0.000000' m02='-0.987688' m10='0.000000' m11='1.000000' m12='0.000000' m20='0.987688' m21='0.000000' m22='-0.156435' m30='533.326721' m31='-2.593721' m32='1078.176025'/>
				<properties serialise_version='4' building_id='' starting_damage_unary='0.000000' on_fire='false' start_disabled='false' weak_point='false' ai_breachable='true' indestructible='false' dockable='true' toggleable='false' lite='false' clamp_to_surface='false' cast_shadows='true'/>
			</BUILDING>
			<BUILDING serialise_version='8' building_id='' parent_id='-1' building_key='glb_outtable_01' position_type='BBPT_LF_RELATIVE' height_mode='BHM_ABSOLUTE'>
				<transform m00='0.642788' m01='0.000000' m02='-0.766044' m10='0.000000' m11='1.000000' m12='0.000000' m20='0.766044' m21='0.000000' m22='0.642788' m30='539.764832' m31='-2.495861' m32='1079.478027'/>
				<properties serialise_version='4' building_id='' starting_damage_unary='0.000000' on_fire='false' start_disabled='false' weak_point='false' ai_breachable='true' indestructible='false' dockable='true' toggleable='false' lite='false' clamp_to_surface='false' cast_shadows='true'/>
			</BUILDING>
			<BUILDING serialise_version='8' building_id='' parent_id='-1' building_key='glb_roadblock_01' position_type='BBPT_LF_RELATIVE' height_mode='BHM_ABSOLUTE'>
