<BATTLE_MAP_DEFINITION_DATA serialise_version='24'>
	<BATTLEFIELD_BUILDING_LIST serialise_version='1'>
		<BUILDINGS/>
	</BATTLEFIELD_BUILDING_LIST>
	<BATTLEFIELD_BUILDING_LIST_FAR serialise_version='1'>
		<BUILDINGS/>
	</BATTLEFIELD_BUILDING_LIST_FAR>
	<CAPTURE_LOCATION_SET serialise_version='2'>
		<CAPTURE_LOCATION_SET/>
	</CAPTURE_LOCATION_SET>
	<EF_LINE_LIST>
		<LINES/>
	</EF_LINE_LIST>
	<GO_OUTLINES/>
	<NON_TERRAIN_OUTLINES/>
	<ZONES_TEMPLATE_LIST serialise_version='1'>
		<ZONES/>
	</ZONES_TEMPLATE_LIST>
	<PREFAB_INSTANCE_LIST serialise_version='1'>
		<PREFAB_INSTANCE/>
	</PREFAB_INSTANCE_LIST>
	<BMD_OUTLINE_LIST serialise_version='1'>
		<BMD_OUTLINES/>
	</BMD_OUTLINE_LIST>
	<TERRAIN_OUTLINES/>
	<LITE_BUILDING_OUTLINES/>
	<CAMERA_ZONES serialise_version='1'>
		<BMD_OUTLINES/>
	</CAMERA_ZONES>
	<CIVILIAN_DEPLOYMENT_LIST/>
	<CIVILIAN_SHELTER_LIST/>
	<PROP_LIST serialise_version='2'>
		<KEYS KEY='RigidModels/Buildings/dwf_debris_02/dwf_debris_02_piece01_destruct01.rigid_model_v2' KEY='RigidModels/Buildings/dwf_debris_08/dwf_debris_08_piece01_destruct01.rigid_model_v2' KEY='RigidModels/Buildings/dwf_debris_06/dwf_debris_06_piece01_destruct01.rigid_model_v2' KEY='RigidModels/Buildings/dwf_debris_07/dwf_debris_07_piece01_destruct01.rigid_model_v2' KEY='RigidModels/Buildings/dwf_debris_04/dwf_debris_04_piece01_destruct01.rigid_model_v2' KEY='RigidModels/Buildings/dwf_debris_01/dwf_debris_01_piece01_destruct01.rigid_model_v2' KEY='RigidModels/Buildings/dwf_debris_05/dwf_debris_05_piece01_destruct01.rigid_model_v2' KEY='RigidModels/Buildings/dwf_debris_03/dwf_debris_03_piece01_destruct01.rigid_model_v2'/>
		<PROPS>
			<PROP serialise_version='15' key_index='0' decal='false' logic_decal='false' is_fauna='false' snow_inside='true' snow_outside='true' destruction_inside='true' destruction_outside='true' animated='false' decal_parallax_scale='0.000000' decal_tiling='0.000000' decal_override_gbuffer_normal='false' visible_in_shroud='false' decal_apply_to_terrain='false' decal_apply_to_gbuffer_objects='false' decal_render_above_snow='false' height_mode='BHM_CLASSIC' pdlc_mask='18446744073709551615' cast_shadows='true' no_culling='false'>
				<transform m00='0.949256' m01='0.000000' m02='-0.314506' m10='0.000000' m11='1.000000' m12='0.000000' m20='0.314506' m21='0.000000' m22='0.949256' m30='1445.573608' m31='0.000000' m32='802.773560'/>
				<flags serialise_version='2' allow_in_outfield='false' clamp_to_surface='true' clamp_to_water_surface='false' spring='true' summer='true' autumn='true' winter='true'/>
			</PROP>
			<PROP serialise_version='15' key_index='1' decal='false' logic_decal='false' is_fauna='false' snow_inside='true' snow_outside='true' destruction_inside='true' destruction_outside='true' animated='false' decal_parallax_scale='0.000000' decal_tiling='0.000000' decal_override_gbuffer_normal='false' visible_in_shroud='false' decal_apply_to_terrain='false' decal_apply_to_gbuffer_objects='false' decal_render_above_snow='false' height_mode='BHM_CLASSIC' pdlc_mask='18446744073709551615' cast_shadows='true' no_culling='false'>
				<transform m00='-0.218391' m01='-0.082122' m02='0.972400' m10='0.036671' m11='0.995058' m12='0.092272' m20='-0.975172' m21='0.055810' m22='-0.214301' m30='1417.469604' m31='0.000000' m32='852.885254'/>
				<flags serialise_version='2' allow_in_outfield='false' clamp_to_surface='true' clamp_to_water_surface='false' spring='true' summer='true' autumn='true' winter='true'/>
			</PROP>
			<PROP serialise_version='15' key_index='2' decal='false' logic_decal='false' is_fauna='false' snow_inside='true' snow_outside='true' destruction_inside='true' destruction_outside='true' animated='false' decal_parallax_scale='0.000000' decal_tiling='0.000000' decal_override_gbuffer_normal='false' visible_in_shroud='false' decal_apply_to_terrain='false' decal_apply_to_gbuffer_objects='false' decal_render_above_snow='false' height_mode='BHM_CLASSIC' pdlc_mask='18446744073709551615' cast_shadows='true' no_culling='false'>
				<transform m00='0.293659' m01='-0.000002' m02='-0.955910' m10='0.000001' m11='1.000000' m12='-0.000001' m20='0.955910' m21='-0.000001' m22='0.293659' m30='1446.879761' m31='0.000000' m32='775.725647'/>
				<flags serialise_version='2' allow_in_outfield='false' clamp_to_surface='true' clamp_to_water_surface='false' spring='true' summer='true' autumn='true' winter='true'/>
			</PROP>
			<PROP serialise_version='15' key_index='3' decal='false' logic_decal='false' is_fauna='false' snow_inside='true' snow_outside='true' destruction_inside='true' destruction_outside='true' animated='false' decal_parallax_scale='0.000000' decal_tiling='0.000000' decal_override_gbuffer_normal='false' visible_in_shroud='false' decal_apply_to_terrain='false' decal_apply_to_gbuffer_objects='false' decal_render_above_snow='false' height_mode='BHM_CLASSIC' pdlc_mask='18446744073709551615' cast_shadows='true' no_culling='false'>
				<transform m00='0.481666' m01='0.000003' m02='0.876355' m10='-0.000003' m11='1.000000' m12='-0.000001' m20='-0.876355' m21='-0.000002' m22='0.481666' m30='1446.953857' m31='0.000000' m32='762.875305'/>
				<flags serialise_version='2' allow_in_outfield='false' clamp_to_surface='true' clamp_to_water_surface='false' spring='true' summer='true' autumn='true' winter='true'/>
			</PROP>
			<PROP serialise_version='15' key_index='4' decal='false' logic_decal='false' is_fauna='false' snow_inside='true' snow_outside='true' destruction_inside='true' destruction_outside='true' animated='false' decal_parallax_scale='0.000000' decal_tiling='0.000000' decal_override_gbuffer_normal='false' visible_in_shroud='false' decal_apply_to_terrain='false' decal_apply_to_gbuffer_objects='false' decal_render_above_snow='false' height_mode='BHM_CLASSIC' pdlc_mask='18446744073709551615' cast_shadows='true' no_culling='false'>
				<transform m00='0.534985' m01='0.000000' m02='0.844862' m10='0.000000' m11='1.000000' m12='0.000000' m20='-0.844862' m21='0.000000' m22='0.534985' m30='1450.738403' m31='0.000000' m32='858.921021'/>
				<flags serialise_version='2' allow_in_outfield='false' clamp_to_surface='true' clamp_to_water_surface='false' spring='true' summer='true' autumn='true' winter='true'/>
			</PROP>
			<PROP serialise_version='15' key_index='3' decal='false' logic_decal='false' is_fauna='false' snow_inside='true' snow_outside='true' destruction_inside='true' destruction_outside='true' animated='false' decal_parallax_scale='0.000000' decal_tiling='0.000000' decal_override_gbuffer_normal='false' visible_in_shroud='false' decal_apply_to_terrain='false' decal_apply_to_gbuffer_objects='false' decal_render_above_snow='false' height_mode='BHM_CLASSIC' pdlc_mask='18446744073709551615' cast_shadows='true' no_culling='false'>
				<transform m00='-0.751834' m01='-0.107566' m02='-0.650519' m10='-0.147198' m11='0.989085' m12='0.006573' m20='0.642711' m21='0.100697' m22='-0.759462' m30='1443.669434' m31='0.000000' m32='917.102661'/>
				<flags serialise_version='2' allow_in_outfield='false' clamp_to_surface='true' clamp_to_water_surface='false' spring='true' summer='true' autumn='true' winter='true'/>
			</PROP>
			<PROP serialise_version='15' key_index='5' decal='false' logic_decal='false' is_fauna='false' snow_inside='true' snow_outside='true' destruction_inside='true' destruction_outside='true' animated='false' decal_parallax_scale='0.000000' decal_tiling='0.000000' decal_override_gbuffer_normal='false' visible_in_shroud='false' decal_apply_to_terrain='false' decal_apply_to_gbuffer_objects='false' decal_render_above_snow='false' height_mode='BHM_CLASSIC' pdlc_mask='18446744073709551615' cast_shadows='true' no_culling='false'>
				<transform m00='-0.990674' m01='0.017706' m02='0.135099' m10='0.020686' m11='0.999572' m12='0.020686' m20='-0.134674' m21='0.023288' m22='-0.990616' m30='1412.578003' m31='0.000000' m32='897.796997'/>
				<flags serialise_version='2' allow_in_outfield='false' clamp_to_surface='true' clamp_to_water_surface='false' spring='true' summer='true' autumn='true' winter='true'/>
			</PROP>
			<PROP serialise_version='15' key_index='4' decal='false' logic_decal='false' is_fauna='false' snow_inside='true' snow_outside='true' destruction_inside='true' destruction_outside='true' animated='false' decal_parallax_scale='0.000000' decal_tiling='0.000000' decal_override_gbuffer_normal='false' visible_in_shroud='false' decal_apply_to_terrain='false' decal_apply_to_gbuffer_objects='false' decal_render_above_snow='false' height_mode='BHM_CLASSIC' pdlc_mask='18446744073709551615' cast_shadows='true' no_culling='false'>
				<transform m00='0.432041' m01='0.000001' m02='0.901854' m10='-0.000003' m11='1.000000' m12='0.000000' m20='-0.901854' m21='-0.000002' m22='0.432041' m30='1456.396240' m31='0.000000' m32='766.958679'/>
				<flags serialise_version='2' allow_in_outfield='false' clamp_to_surface='true' clamp_to_water_surface='false' spring='true' summer='true' autumn='true' winter='true'/>
			</PROP>
			<PROP serialise_version='15' key_index='0' decal='false' logic_decal='false' is_fauna='false' snow_inside='true' snow_outside='true' destruction_inside='true' destruction_outside='true' animated='false' decal_parallax_scale='0.000000' decal_tiling='0.000000' decal_override_gbuffer_normal='false' visible_in_shroud='false' decal_apply_to_terrain='false' decal_apply_to_gbuffer_objects='false' decal_render_above_snow='false' height_mode='BHM_CLASSIC' pdlc_mask='18446744073709551615' cast_shadows='true' no_culling='false'>
				<transform m00='-0.742497' m01='0.469965' m02='-0.477316' m10='0.559755' m11='0.826712' m12='-0.056757' m20='0.367929' m21='-0.309322' m22='-0.876897' m30='1418.940430' m31='0.000000' m32='808.066711'/>
				<flags serialise_version='2' allow_in_outfield='false' clamp_to_surface='true' clamp_to_water_surface='false' spring='true' summer='true' autumn='true' winter='true'/>
			</PROP>
			<PROP serialise_version='15' key_index='4' decal='false' logic_decal='false' is_fauna='false' snow_inside='true' snow_outside='true' destruction_inside='true' destruction_outside='true' animated='false' decal_parallax_scale='0.000000' decal_tiling='0.000000' decal_override_gbuffer_normal='false' visible_in_shroud='false' decal_apply_to_terrain='false' decal_apply_to_gbuffer_objects='false' decal_render_above_snow='false' height_mode='BHM_CLASSIC' pdlc_mask='18446744073709551615' cast_shadows='true' no_culling='false'>
				<transform m00='-0.966914' m01='0.000000' m02='-0.255101' m10='0.000000' m11='1.000000' m12='0.000000' m20='0.255101' m21='0.000000' m22='-0.966914' m30='1448.146729' m31='0.000000' m32='803.675232'/>
				<flags serialise_version='2' allow_in_outfield='false' clamp_to_surface='true' clamp_to_water_surface='false' spring='true' summer='true' autumn='true' winter='true'/>
			</PROP>
			<PROP serialise_version='15' key_index='3' decal='false' logic_decal='false' is_fauna='false' snow_inside='true' snow_outside='true' destruction_inside='true' destruction_outside='true' animated='false' decal_parallax_scale='0.000000' decal_tiling='0.000000' decal_override_gbuffer_normal='false' visible_in_shroud='false' decal_apply_to_terrain='false' decal_apply_to_gbuffer_objects='false' decal_render_above_snow='false' height_mode='BHM_CLASSIC' pdlc_mask='18446744073709551615' cast_shadows='true' no_culling='false'>
				<transform m00='-0.934415' m01='0.000000' m02='-0.356185' m10='0.000000' m11='1.000000' m12='0.000000' m20='0.356185' m21='0.000000' m22='-0.934415' m30='1448.539795' m31='0.000000' m32='872.015869'/>
				<flags serialise_version='2' allow_in_outfield='false' clamp_to_surface='true' clamp_to_water_surface='false' spring='true' summer='true' autumn='true' winter='true'/>
			</PROP>
			<PROP serialise_version='15' key_index='6' decal='false' logic_decal='false' is_fauna='false' snow_inside='true' snow_outside='true' destruction_inside='true' destruction_outside='true' animated='false' decal_parallax_scale='0.000000' decal_tiling='0.000000' decal_override_gbuffer_normal='false' visible_in_shroud='false' decal_apply_to_terrain='false' decal_apply_to_gbuffer_objects='false' decal_render_above_snow='false' height_mode='BHM_CLASSIC' pdlc_mask='18446744073709551615' cast_shadows='true' no_culling='false'>
				<transform m00='0.307748' m01='0.000000' m02='0.309294' m10='0.000000' m11='0.436316' m12='0.000000' m20='-0.309294' m21='0.000000' m22='0.307748' m30='1444.214844' m31='0.000000' m32='804.992126'/>
				<flags serialise_version='2' allow_in_outfield='false' clamp_to_surface='true' clamp_to_water_surface='false' spring='true' summer='true' autumn='true' winter='true'/>
			</PROP>
			<PROP serialise_version='15' key_index='5' decal='false' logic_decal='false' is_fauna='false' snow_inside='true' snow_outside='true' destruction_inside='true' destruction_outside='true' animated='false' decal_parallax_scale='0.000000' decal_tiling='0.000000' decal_override_gbuffer_normal='false' visible_in_shroud='false' decal_apply_to_terrain='false' decal_apply_to_gbuffer_objects='false' decal_render_above_snow='false' height_mode='BHM_CLASSIC' pdlc_mask='18446744073709551615' cast_shadows='true' no_culling='false'>
				<transform m00='-0.983567' m01='0.000000' m02='-0.180544' m10='0.000000' m11='1.000000' m12='0.000000' m20='0.180544' m21='0.000000' m22='-0.983567' m30='1409.526001' m31='0.000000' m32='857.302429'/>
				<flags serialise_version='2' allow_in_outfield='false' clamp_to_surface='true' clamp_to_water_surface='false' spring='true' summer='true' autumn='true' winter='true'/>
			</PROP>
			<PROP serialise_version='15' key_index='3' decal='false' logic_decal='false' is_fauna='false' snow_inside='true' snow_outside='true' destruction_inside='true' destruction_outside='true' animated='false' decal_parallax_scale='0.000000' decal_tiling='0.000000' decal_override_gbuffer_normal='false' visible_in_shroud='false' decal_apply_to_terrain='false' decal_apply_to_gbuffer_objects='false' decal_render_above_snow='false' height_mode='BHM_CLASSIC' pdlc_mask='18446744073709551615' cast_shadows='true' no_culling='false'>
				<transform m00='-0.964983' m01='0.061576' m02='-0.254980' m10='0.065020' m11='0.997871' m12='-0.005094' m20='0.254123' m21='-0.021495' m22='-0.966932' m30='1414.672485' m31='0.000000' m32='874.782410'/>
				<flags serialise_version='2' allow_in_outfield='false' clamp_to_surface='true' clamp_to_water_surface='false' spring='true' summer='true' autumn='true' winter='true'/>
			</PROP>
			<PROP serialise_version='15' key_index='1' decal='false' logic_decal='false' is_fauna='false' snow_inside='true' snow_outside='true' destruction_inside='true' destruction_outside='true' animated='false' decal_parallax_scale='0.000000' decal_tiling='0.000000' decal_override_gbuffer_normal='false' visible_in_shroud='false' decal_apply_to_terrain='false' decal_apply_to_gbuffer_objects='false' decal_render_above_snow='false' height_mode='BHM_CLASSIC' pdlc_mask='18446744073709551615' cast_shadows='true' no_culling='false'>
				<transform m00='0.926605' m01='0.000000' m02='0.376036' m10='0.000000' m11='1.000000' m12='0.000000' m20='-0.376036' m21='0.000000' m22='0.926605' m30='1444.594360' m31='0.000000' m32='885.062988'/>
				<flags serialise_version='2' allow_in_outfield='false' clamp_to_surface='true' clamp_to_water_surface='false' spring='true' summer='true' autumn='true' winter='true'/>
			</PROP>
			<PROP serialise_version='15' key_index='6' decal='false' logic_decal='false' is_fauna='false' snow_inside='true' snow_outside='true' destruction_inside='true' destruction_outside='true' animated='false' decal_parallax_scale='0.000000' decal_tiling='0.000000' decal_override_gbuffer_normal='false' visible_in_shroud='false' decal_apply_to_terrain='false' decal_apply_to_gbuffer_objects='false' decal_render_above_snow='false' height_mode='BHM_CLASSIC' pdlc_mask='18446744073709551615' cast_shadows='true' no_culling='false'>
				<transform m00='-0.399292' m01='0.000000' m02='0.399187' m10='0.000000' m11='0.564610' m12='0.000000' m20='-0.399187' m21='0.000000' m22='-0.399292' m30='1442.108521' m31='0.000000' m32='801.623291'/>
				<flags serialise_version='2' allow_in_outfield='false' clamp_to_surface='true' clamp_to_water_surface='false' spring='true' summer='true' autumn='true' winter='true'/>
			</PROP>
			<PROP serialise_version='15' key_index='3' decal='false' logic_decal='false' is_fauna='false' snow_inside='true' snow_outside='true' destruction_inside='true' destruction_outside='true' animated='false' decal_parallax_scale='0.000000' decal_tiling='0.000000' decal_override_gbuffer_normal='false' visible_in_shroud='false' decal_apply_to_terrain='false' decal_apply_to_gbuffer_objects='false' decal_render_above_snow='false' height_mode='BHM_CLASSIC' pdlc_mask='18446744073709551615' cast_shadows='true' no_culling='false'>
				<transform m00='-0.886171' m01='0.208652' m02='0.413722' m10='0.228963' m11='0.973435' m12='-0.000505' m20='-0.402837' m21='0.094280' m22='-0.910403' m30='1417.011841' m31='0.000000' m32='761.556580'/>
				<flags serialise_version='2' allow_in_outfield='false' clamp_to_surface='true' clamp_to_water_surface='false' spring='true' summer='true' autumn='true' winter='true'/>
			</PROP>
			<PROP serialise_version='15' key_index='3' decal='false' logic_decal='false' is_fauna='false' snow_inside='true' snow_outside='true' destruction_inside='true' destruction_outside='true' animated='false' decal_parallax_scale='0.000000' decal_tiling='0.000000' decal_override_gbuffer_normal='false' visible_in_shroud='false' decal_apply_to_terrain='false' decal_apply_to_gbuffer_objects='false' decal_render_above_snow='false' height_mode='BHM_CLASSIC' pdlc_mask='18446744073709551615' cast_shadows='true' no_culling='false'>
				<transform m00='0.592217' m01='0.000000' m02='-0.805779' m10='-0.000000' m11='1.000000' m12='0.000000' m20='0.805779' m21='0.000000' m22='0.592217' m30='1409.428589' m31='0.000000' m32='846.748291'/>
				<flags serialise_version='2' allow_in_outfield='false' clamp_to_surface='true' clamp_to_water_surface='false' spring='true' summer='true' autumn='true' winter='true'/>
			</PROP>
			<PROP serialise_version='15' key_index='1' decal='false' logic_decal='false' is_fauna='false' snow_inside='true' snow_outside='true' destruction_inside='true' destruction_outside='true' animated='false' decal_parallax_scale='0.000000' decal_tiling='0.000000' decal_override_gbuffer_normal='false' visible_in_shroud='false' decal_apply_to_terrain='false' decal_apply_to_gbuffer_objects='false' decal_render_above_snow='false' height_mode='BHM_CLASSIC' pdlc_mask='18446744073709551615' cast_shadows='true' no_culling='false'>
				<transform m00='0.635642' m01='-0.000000' m02='-0.771984' m10='0.000038' m11='1.000000' m12='0.000031' m20='0.771984' m21='-0.000049' m22='0.635642' m30='1461.843994' m31='0.000000' m32='974.749756'/>
				<flags serialise_version='2' allow_in_outfield='false' clamp_to_surface='true' clamp_to_water_surface='false' spring='true' summer='true' autumn='true' winter='true'/>
			</PROP>
			<PROP serialise_version='15' key_index='6' decal='false' logic_decal='false' is_fauna='false' snow_inside='true' snow_outside='true' destruction_inside='true' destruction_outside='true' animated='false' decal_parallax_scale='0.000000' decal_tiling='0.000000' decal_override_gbuffer_normal='false' visible_in_shroud='false' decal_apply_to_terrain='false' decal_apply_to_gbuffer_objects='false' decal_render_above_snow='false' height_mode='BHM_CLASSIC' pdlc_mask='18446744073709551615' cast_shadows='true' no_culling='false'>
				<transform m00='-0.275554' m01='0.000000' m02='-0.196352' m10='0.000000' m11='0.338355' m12='0.000000' m20='0.196352' m21='0.000000' m22='-0.275554' m30='1450.570190' m31='0.000000' m32='939.813110'/>
				<flags serialise_version='2' allow_in_outfield='false' clamp_to_surface='true' clamp_to_water_surface='false' spring='true' summer='true' autumn='true' winter='true'/>
			</PROP>
			<PROP serialise_version='15' key_index='0' decal='false' logic_decal='false' is_fauna='false' snow_inside='true' snow_outside='true' destruction_inside='true' destruction_outside='true' animated='false' decal_parallax_scale='0.000000' decal_tiling='0.000000' decal_override_gbuffer_normal='false' visible_in_shroud='false' decal_apply_to_terrain='false' decal_apply_to_gbuffer_objects='false' decal_render_above_snow='false' height_mode='BHM_CLASSIC' pdlc_mask='18446744073709551615' cast_shadows='true' no_culling='false'>
				<transform m00='0.959893' m01='-0.000009' m02='-0.280365' m10='0.000007' m11='1.000000' m12='-0.000008' m20='0.280365' m21='0.000005' m22='0.959893' m30='1457.947632' m31='0.000000' m32='755.518555'/>
				<flags serialise_version='2' allow_in_outfield='false' clamp_to_surface='true' clamp_to_water_surface='false' spring='true' summer='true' autumn='true' winter='true'/>
			</PROP>
			<PROP serialise_version='15' key_index='6' decal='false' logic_decal='false' is_fauna='false' snow_inside='true' snow_outside='true' destruction_inside='true' destruction_outside='true' animated='false' decal_parallax_scale='0.000000' decal_tiling='0.000000' decal_override_gbuffer_normal='false' visible_in_shroud='false' decal_apply_to_terrain='false' decal_apply_to_gbuffer_objects='false' decal_render_above_snow='false' height_mode='BHM_CLASSIC' pdlc_mask='18446744073709551615' cast_shadows='true' no_culling='false'>
				<transform m00='-0.534446' m01='-0.187110' m02='0.367679' m10='-0.227328' m11='0.635693' m12='-0.006936' m20='-0.344267' m21='-0.129290' m22='-0.566211' m30='1431.429321' m31='0.000000' m32='786.761292'/>
				<flags serialise_version='2' allow_in_outfield='false' clamp_to_surface='true' clamp_to_water_surface='false' spring='true' summer='true' autumn='true' winter='true'/>
			</PROP>
			<PROP serialise_version='15' key_index='2' decal='false' logic_decal='false' is_fauna='false' snow_inside='true' snow_outside='true' destruction_inside='true' destruction_outside='true' animated='false' decal_parallax_scale='0.000000' decal_tiling='0.000000' decal_override_gbuffer_normal='false' visible_in_shroud='false' decal_apply_to_terrain='false' decal_apply_to_gbuffer_objects='false' decal_render_above_snow='false' height_mode='BHM_CLASSIC' pdlc_mask='18446744073709551615' cast_shadows='true' no_culling='false'>
				<transform m00='0.031609' m01='0.000000' m02='0.999500' m10='0.000000' m11='1.000000' m12='0.000000' m20='-0.999500' m21='0.000000' m22='0.031609' m30='1446.142822' m31='0.000000' m32='826.119080'/>
				<flags serialise_version='2' allow_in_outfield='false' clamp_to_surface='true' clamp_to_water_surface='false' spring='true' summer='true' autumn='true' winter='true'/>
			</PROP>
			<PROP serialise_version='15' key_index='6' decal='false' logic_decal='false' is_fauna='false' snow_inside='true' snow_outside='true' destruction_inside='true' destruction_outside='true' animated='false' decal_parallax_scale='0.000000' decal_tiling='0.000000' decal_override_gbuffer_normal='false' visible_in_shroud='false' decal_apply_to_terrain='false' decal_apply_to_gbuffer_objects='false' decal_render_above_snow='false' height_mode='BHM_CLASSIC' pdlc_mask='18446744073709551615' cast_shadows='true' no_culling='false'>
				<transform m00='0.948954' m01='0.000000' m02='0.315416' m10='0.000000' m11='1.000000' m12='0.000000' m20='-0.315416' m21='0.000000' m22='0.948954' m30='1411.432861' m31='0.000000' m32='937.827026'/>
				<flags serialise_version='2' allow_in_outfield='false' clamp_to_surface='true' clamp_to_water_surface='false' spring='true' summer='true' autumn='true' winter='true'/>
			</PROP>
			<PROP serialise_version='15' key_index='7' decal='false' logic_decal='false' is_fauna='false' snow_inside='true' snow_outside='true' destruction_inside='true' destruction_outside='true' animated='false' decal_parallax_scale='0.000000' decal_tiling='0.000000' decal_override_gbuffer_normal='false' visible_in_shroud='false' decal_apply_to_terrain='false' decal_apply_to_gbuffer_objects='false' decal_render_above_snow='false' height_mode='BHM_CLASSIC' pdlc_mask='18446744073709551615' cast_shadows='true' no_culling='false'>
				<transform m00='-0.669308' m01='0.000000' m02='0.742984' m10='0.000001' m11='1.000000' m12='0.000001' m20='-0.742984' m21='0.000001' m22='-0.669308' m30='1444.042969' m31='0.000000' m32='749.103882'/>
				<flags serialise_version='2' allow_in_outfield='false' clamp_to_surface='true' clamp_to_water_surface='false' spring='true' summer='true' autumn='true' winter='true'/>
			</PROP>
			<PROP serialise_version='15' key_index='2' decal='false' logic_decal='false' is_fauna='false' snow_inside='true' snow_outside='true' destruction_inside='true' destruction_outside='true' animated='false' decal_parallax_scale='0.000000' decal_tiling='0.000000' decal_override_gbuffer_normal='false' visible_in_shroud='false' decal_apply_to_terrain='false' decal_apply_to_gbuffer_objects='false' decal_render_above_snow='false' height_mode='BHM_CLASSIC' pdlc_mask='18446744073709551615' cast_shadows='true' no_culling='false'>
				<transform m00='-0.143981' m01='0.007189' m02='-0.989554' m10='0.111995' m11='0.993667' m12='-0.009077' m20='0.983222' m21='-0.112132' m22='-0.143875' m30='1413.125854' m31='0.000000' m32='920.614014'/>
				<flags serialise_version='2' allow_in_outfield='false' clamp_to_surface='true' clamp_to_water_surface='false' spring='true' summer='true' autumn='true' winter='true'/>
			</PROP>
			<PROP serialise_version='15' key_index='1' decal='false' logic_decal='false' is_fauna='false' snow_inside='true' snow_outside='true' destruction_inside='true' destruction_outside='true' animated='false' decal_parallax_scale='0.000000' decal_tiling='0.000000' decal_override_gbuffer_normal='false' visible_in_shroud='false' decal_apply_to_terrain='false' decal_apply_to_gbuffer_objects='false' decal_render_above_snow='false' height_mode='BHM_CLASSIC' pdlc_mask='18446744073709551615' cast_shadows='true' no_culling='false'>
				<transform m00='-0.907219' m01='0.000000' m02='0.420659' m10='0.000000' m11='1.000000' m12='0.000000' m20='-0.420659' m21='0.000000' m22='-0.907219' m30='1397.475830' m31='0.000000' m32='954.203186'/>
				<flags serialise_version='2' allow_in_outfield='false' clamp_to_surface='true' clamp_to_water_surface='false' spring='true' summer='true' autumn='true' winter='true'/>
			</PROP>
			<PROP serialise_version='15' key_index='3' decal='false' logic_decal='false' is_fauna='false' snow_inside='true' snow_outside='true' destruction_inside='true' destruction_outside='true' animated='false' decal_parallax_scale='0.000000' decal_tiling='0.000000' decal_override_gbuffer_normal='false' visible_in_shroud='false' decal_apply_to_terrain='false' decal_apply_to_gbuffer_objects='false' decal_render_above_snow='false' height_mode='BHM_CLASSIC' pdlc_mask='18446744073709551615' cast_shadows='true' no_culling='false'>
				<transform m00='-0.583795' m01='-0.091297' m02='-0.806751' m10='-0.162241' m11='0.986734' m12='0.005740' m20='0.795525' m21='0.134239' m22='-0.590863' m30='1442.209351' m31='0.000000' m32='926.547607'/>
				<flags serialise_version='2' allow_in_outfield='false' clamp_to_surface='true' clamp_to_water_surface='false' spring='true' summer='true' autumn='true' winter='true'/>
			</PROP>
			<PROP serialise_version='15' key_index='3' decal='false' logic_decal='false' is_fauna='false' snow_inside='true' snow_outside='true' destruction_inside='true' destruction_outside='true' animated='false' decal_parallax_scale='0.000000' decal_tiling='0.000000' decal_override_gbuffer_normal='false' visible_in_shroud='false' decal_apply_to_terrain='false' decal_apply_to_gbuffer_objects='false' decal_render_above_snow='false' height_mode='BHM_CLASSIC' pdlc_mask='18446744073709551615' cast_shadows='true' no_culling='false'>
				<transform m00='-0.076072' m01='0.010134' m02='-0.997051' m10='0.113468' m11='0.993541' m12='0.001441' m20='0.990625' m21='-0.113023' m22='-0.076731' m30='1415.595337' m31='0.000000' m32='889.690491'/>
				<flags serialise_version='2' allow_in_outfield='false' clamp_to_surface='true' clamp_to_water_surface='false' spring='true' summer='true' autumn='true' winter='true'/>
			</PROP>
			<PROP serialise_version='15' key_index='0' decal='false' logic_decal='false' is_fauna='false' snow_inside='true' snow_outside='true' destruction_inside='true' destruction_outside='true' animated='false' decal_parallax_scale='0.000000' decal_tiling='0.000000' decal_override_gbuffer_normal='false' visible_in_shroud='false' decal_apply_to_terrain='false' decal_apply_to_gbuffer_objects='false' decal_render_above_snow='false' height_mode='BHM_CLASSIC' pdlc_mask='18446744073709551615' cast_shadows='true' no_culling='false'>
				<transform m00='-0.034618' m01='-0.004541' m02='-0.999390' m10='-0.004392' m11='0.999981' m12='-0.004392' m20='0.999391' m21='0.004237' m22='-0.034637' m30='1453.130005' m31='0.000000' m32='965.659912'/>
				<flags serialise_version='2' allow_in_outfield='false' clamp_to_surface='true' clamp_to_water_surface='false' spring='true' summer='true' autumn='true' winter='true'/>
			</PROP>
		</PROPS>
	</PROP_LIST>
	<PARTICLE_EMITTER_LIST serialise_version='1'>
		<PARTICLE_EMITTERS/>
	</PARTICLE_EMITTER_LIST>
	<AI_HINTS serialise_version='1'>
		<separators serialise_version='1'>
			<SEPARATORS/>
		</separators>
		<directed_points serialise_version='1'>
			<DIRECTED_POINTS/>
		</directed_points>
		<polylines serialise_version='1'>
			<HINT_POLYLINES/>
		</polylines>
		<polylines_list serialise_version='1'>
			<HINT_POLYLINES/>
		</polylines_list>
	</AI_HINTS>
	<LIGHT_PROBE_LIST serialise_version='1'>
		<LIGHT_PROBES/>
	</LIGHT_PROBE_LIST>
	<TERRAIN_STENCIL_TRIANGLE_LIST serialise_version='1'>
		<TERRAIN_STENCIL_TRIANGLES/>
	</TERRAIN_STENCIL_TRIANGLE_LIST>
	<POINT_LIGHT_LIST serialise_version='1'>
		<POINT_LIGHTS/>
	</POINT_LIGHT_LIST>
	<BUILDING_PROJECTILE_EMITTER_LIST serialise_version='1'>
		<BUILDING_PROJECTILE_EMITTERS/>
	</BUILDING_PROJECTILE_EMITTER_LIST>
	<PLAYABLE_AREA serialise_version='3' has_been_set='false'>
		<area min_x='64.000000' min_y='64.000000' max_x='1920.000000' max_y='1920.000000'/>
		<valid_location_flags serialise_version='1' valid_north='true' valid_south='true' valid_east='true' valid_west='true'/>
	</PLAYABLE_AREA>
	<CUSTOM_MATERIAL_MESH_LIST serialise_version='1'>
		<CUSTOM_MATERIAL_MESH_LIST/>
	</CUSTOM_MATERIAL_MESH_LIST>
	<TERRAIN_STENCIL_BLEND_TRIANGLE_LIST serialise_version='1'>
		<TERRAIN_BLEND_TRIANGLES/>
	</TERRAIN_STENCIL_BLEND_TRIANGLE_LIST>
	<SPOT_LIGHT_LIST serialise_version='1'>
		<SPOT_LIGHTS/>
	</SPOT_LIGHT_LIST>
	<SOUND_SHAPE_LIST serialise_version='1'>
		<SOUND_SHAPES/>
	</SOUND_SHAPE_LIST>
	<COMPOSITE_SCENE_LIST serialise_version='1'>
		<COMPOSITE_SCENE_LIST/>
	</COMPOSITE_SCENE_LIST>
	<DEPLOYMENT_LIST serialise_version='1'>
		<DEPLOYMENT_AREAS/>
	</DEPLOYMENT_LIST>
	<BMD_CATCHMENT_AREA_LIST serialise_version='1'>
		<BMD_CATCHMENT_AREAS/>
	</BMD_CATCHMENT_AREA_LIST>
	<TREE_LIST_REFERENCE_LIST serialise_version='1'>
		<TREE_LIST_REFERENCES/>
	</TREE_LIST_REFERENCE_LIST>
	<GRASS_LIST_REFERENCE_LIST serialise_version='1'>
		<GRASS_LIST_REFERENCES/>
	</GRASS_LIST_REFERENCE_LIST>
</BATTLE_MAP_DEFINITION_DATA>
