<BATTLE_MAP_DEFINITION_DATA serialise_version='24'>
	<BATTLEFIELD_BUILDING_LIST serialise_version='1'>
		<BUILDINGS>
			<BUILDING serialise_version='8' building_id='' parent_id='-1' building_key='emp_mountain_a' position_type='BBPT_LF_RELATIVE' height_mode='BHM_ABSOLUTE'>
				<transform m00='2.885556' m01='0.000000' m02='0.000000' m10='0.000000' m11='2.885556' m12='0.000000' m20='0.000000' m21='0.000000' m22='2.885556' m30='620.275757' m31='0.000061' m32='1273.237061'/>
				<properties serialise_version='4' building_id='' starting_damage_unary='0.000000' on_fire='false' start_disabled='false' weak_point='false' ai_breachable='true' indestructible='false' dockable='true' toggleable='false' lite='false' clamp_to_surface='false' cast_shadows='true'/>
			</BUILDING>
			<BUILDING serialise_version='8' building_id='' parent_id='-1' building_key='emp_mountain_b' position_type='BBPT_LF_RELATIVE' height_mode='BHM_ABSOLUTE'>
				<transform m00='2.885556' m01='0.000000' m02='0.000000' m10='0.000000' m11='2.951270' m12='0.000000' m20='0.000000' m21='0.000000' m22='2.885556' m30='528.566956' m31='0.000183' m32='1136.775513'/>
				<properties serialise_version='4' building_id='' starting_damage_unary='0.000000' on_fire='false' start_disabled='false' weak_point='false' ai_breachable='true' indestructible='false' dockable='true' toggleable='false' lite='false' clamp_to_surface='false' cast_shadows='true'/>
			</BUILDING>
			<BUILDING serialise_version='8' building_id='' parent_id='-1' building_key='emp_mountain_c' position_type='BBPT_LF_RELATIVE' height_mode='BHM_ABSOLUTE'>
				<transform m00='3.000000' m01='0.000000' m02='0.000000' m10='0.000000' m11='3.000000' m12='0.000000' m20='0.000000' m21='0.000000' m22='3.000000' m30='452.697174' m31='0.000122' m32='1292.092896'/>
				<properties serialise_version='4' building_id='' starting_damage_unary='0.000000' on_fire='false' start_disabled='false' weak_point='false' ai_breachable='true' indestructible='false' dockable='true' toggleable='false' lite='false' clamp_to_surface='false' cast_shadows='true'/>
			</BUILDING>
			<BUILDING serialise_version='8' building_id='' parent_id='-1' building_key='emp_mountain_b' position_type='BBPT_LF_RELATIVE' height_mode='BHM_ABSOLUTE'>
				<transform m00='1.735979' m01='0.000000' m02='-2.446707' m10='0.000000' m11='3.000000' m12='0.000000' m20='2.446707' m21='0.000000' m22='1.735979' m30='3276.458740' m31='11.889985' m32='717.967590'/>
				<properties serialise_version='4' building_id='' starting_damage_unary='0.000000' on_fire='false' start_disabled='false' weak_point='false' ai_breachable='true' indestructible='false' dockable='true' toggleable='false' lite='false' clamp_to_surface='false' cast_shadows='true'/>
			</BUILDING>
			<BUILDING serialise_version='8' building_id='' parent_id='-1' building_key='emp_mountain_c' position_type='BBPT_LF_RELATIVE' height_mode='BHM_ABSOLUTE'>
				<transform m00='1.735979' m01='0.000000' m02='-2.446707' m10='0.000000' m11='3.000000' m12='0.000000' m20='2.446707' m21='0.000000' m22='1.735979' m30='1801.190796' m31='11.890411' m32='1910.230957'/>
				<properties serialise_version='4' building_id='' starting_damage_unary='0.000000' on_fire='false' start_disabled='false' weak_point='false' ai_breachable='true' indestructible='false' dockable='true' toggleable='false' lite='false' clamp_to_surface='false' cast_shadows='true'/>
			</BUILDING>
			<BUILDING serialise_version='8' building_id='' parent_id='-1' building_key='emp_mountain_a' position_type='BBPT_LF_RELATIVE' height_mode='BHM_ABSOLUTE'>
				<transform m00='1.735979' m01='0.000000' m02='-2.446707' m10='0.000000' m11='3.000000' m12='0.000000' m20='2.446707' m21='0.000000' m22='1.735979' m30='2616.247314' m31='11.890106' m32='2363.271240'/>
				<properties serialise_version='4' building_id='' starting_damage_unary='0.000000' on_fire='false' start_disabled='false' weak_point='false' ai_breachable='true' indestructible='false' dockable='true' toggleable='false' lite='false' clamp_to_surface='false' cast_shadows='true'/>
			</BUILDING>
			<BUILDING serialise_version='8' building_id='' parent_id='-1' building_key='emp_mountain_b' position_type='BBPT_LF_RELATIVE' height_mode='BHM_ABSOLUTE'>
				<transform m00='2.659647' m01='0.000000' m02='1.387904' m10='-0.000000' m11='3.000000' m12='0.000000' m20='-1.387904' m21='-0.000000' m22='2.659647' m30='801.331055' m31='11.889374' m32='-754.394714'/>
				<properties serialise_version='4' building_id='' starting_damage_unary='0.000000' on_fire='false' start_disabled='false' weak_point='false' ai_breachable='true' indestructible='true' dockable='true' toggleable='true' lite='false' clamp_to_surface='false' cast_shadows='true'/>
			</BUILDING>
			<BUILDING serialise_version='8' building_id='' parent_id='-1' building_key='glb_water_plane_300x' position_type='BBPT_LF_RELATIVE' height_mode='BHM_ABSOLUTE'>
				<transform m00='2.548530' m01='0.000000' m02='0.000000' m10='0.000000' m11='1.000000' m12='0.000000' m20='0.000000' m21='0.000000' m22='1.490604' m30='617.753723' m31='6.617493' m32='200.142670'/>
				<properties serialise_version='4' building_id='' starting_damage_unary='0.000000' on_fire='false' start_disabled='false' weak_point='false' ai_breachable='true' indestructible='false' dockable='true' toggleable='false' lite='false' clamp_to_surface='false' cast_shadows='true'/>
			</BUILDING>
			<BUILDING serialise_version='8' building_id='' parent_id='-1' building_key='glb_water_plane_300x' position_type='BBPT_LF_RELATIVE' height_mode='BHM_ABSOLUTE'>
				<transform m00='5.027907' m01='0.000000' m02='0.000000' m10='0.000000' m11='1.000000' m12='0.000000' m20='0.000000' m21='0.000000' m22='2.940760' m30='152.074554' m31='6.617524' m32='-452.565369'/>
				<properties serialise_version='4' building_id='' starting_damage_unary='0.000000' on_fire='false' start_disabled='false' weak_point='false' ai_breachable='true' indestructible='false' dockable='true' toggleable='false' lite='false' clamp_to_surface='false' cast_shadows='true'/>
			</BUILDING>
			<BUILDING serialise_version='8' building_id='' parent_id='-1' building_key='nor_dhead_01' position_type='BBPT_LF_RELATIVE' height_mode='BHM_ABSOLUTE'>
				<transform m00='0.668115' m01='0.000000' m02='0.744057' m10='0.712574' m11='0.000001' m12='-0.639846' m20='-0.000001' m21='0.999999' m22='0.000000' m30='357.893463' m31='18.615707' m32='535.288269'/>
				<properties serialise_version='4' building_id='' starting_damage_unary='0.000000' on_fire='false' start_disabled='false' weak_point='false' ai_breachable='true' indestructible='false' dockable='true' toggleable='false' lite='false' clamp_to_surface='false' cast_shadows='true'/>
			</BUILDING>
			<BUILDING serialise_version='8' building_id='' parent_id='-1' building_key='nor_dhead_01' position_type='BBPT_LF_RELATIVE' height_mode='BHM_ABSOLUTE'>
				<transform m00='0.744057' m01='0.000000' m02='-0.668116' m10='0.000000' m11='1.000000' m12='0.000000' m20='0.668116' m21='0.000000' m22='0.744057' m30='341.057037' m31='18.263294' m32='545.308899'/>
				<properties serialise_version='4' building_id='' starting_damage_unary='0.000000' on_fire='false' start_disabled='false' weak_point='false' ai_breachable='true' indestructible='false' dockable='true' toggleable='false' lite='false' clamp_to_surface='false' cast_shadows='true'/>
			</BUILDING>
			<BUILDING serialise_version='8' building_id='' parent_id='-1' building_key='nor_dhead_03' position_type='BBPT_LF_RELATIVE' height_mode='BHM_ABSOLUTE'>
				<transform m00='-0.744056' m01='0.000000' m02='0.668117' m10='-0.000000' m11='1.000000' m12='0.000000' m20='-0.668117' m21='-0.000000' m22='-0.744056' m30='353.812469' m31='20.565121' m32='531.573364'/>
				<properties serialise_version='4' building_id='' starting_damage_unary='0.000000' on_fire='false' start_disabled='false' weak_point='false' ai_breachable='true' indestructible='false' dockable='true' toggleable='false' lite='false' clamp_to_surface='false' cast_shadows='true'/>
			</BUILDING>
			<BUILDING serialise_version='8' building_id='' parent_id='-1' building_key='nor_plank_01' position_type='BBPT_LF_RELATIVE' height_mode='BHM_ABSOLUTE'>
				<transform m00='0.000001' m01='0.999999' m02='0.000000' m10='-0.744056' m11='0.000000' m12='0.668116' m20='0.668116' m21='-0.000000' m22='0.744057' m30='342.445526' m31='19.368769' m32='545.135864'/>
				<properties serialise_version='4' building_id='' starting_damage_unary='0.000000' on_fire='false' start_disabled='false' weak_point='false' ai_breachable='true' indestructible='false' dockable='true' toggleable='false' lite='false' clamp_to_surface='false' cast_shadows='true'/>
			</BUILDING>
			<BUILDING serialise_version='8' building_id='' parent_id='-1' building_key='brt_house_pc_chm_05' position_type='BBPT_LF_RELATIVE' height_mode='BHM_ABSOLUTE'>
				<transform m00='0.628554' m01='0.000000' m02='-0.777766' m10='0.000000' m11='1.000000' m12='0.000000' m20='0.777766' m21='0.000000' m22='0.628554' m30='352.278931' m31='19.153297' m32='538.471619'/>
				<properties serialise_version='4' building_id='' starting_damage_unary='0.000000' on_fire='false' start_disabled='false' weak_point='false' ai_breachable='true' indestructible='false' dockable='true' toggleable='false' lite='false' clamp_to_surface='false' cast_shadows='true'/>
			</BUILDING>
			<BUILDING serialise_version='8' building_id='' parent_id='-1' building_key='nor_dhead_01' position_type='BBPT_LF_RELATIVE' height_mode='BHM_ABSOLUTE'>
				<transform m00='0.744057' m01='0.000000' m02='-0.668116' m10='0.000000' m11='1.000000' m12='0.000000' m20='0.668116' m21='0.000000' m22='0.744057' m30='339.320374' m31='18.263294' m32='543.373962'/>
				<properties serialise_version='4' building_id='' starting_damage_unary='0.000000' on_fire='false' start_disabled='false' weak_point='false' ai_breachable='true' indestructible='false' dockable='true' toggleable='false' lite='false' clamp_to_surface='false' cast_shadows='true'/>
			</BUILDING>
			<BUILDING serialise_version='8' building_id='' parent_id='-1' building_key='glb_stump_axe_01' position_type='BBPT_LF_RELATIVE' height_mode='BHM_ABSOLUTE'>
				<transform m00='0.744057' m01='0.000000' m02='-0.668116' m10='0.000000' m11='1.000000' m12='0.000000' m20='0.668116' m21='0.000000' m22='0.744057' m30='354.075104' m31='14.025780' m32='529.057190'/>
				<properties serialise_version='4' building_id='' starting_damage_unary='0.000000' on_fire='false' start_disabled='false' weak_point='false' ai_breachable='true' indestructible='false' dockable='true' toggleable='false' lite='false' clamp_to_surface='false' cast_shadows='true'/>
			</BUILDING>
			<BUILDING serialise_version='8' building_id='' parent_id='-1' building_key='chs_skull_01' position_type='BBPT_LF_RELATIVE' height_mode='BHM_ABSOLUTE'>
				<transform m00='0.668116' m01='0.000000' m02='0.744057' m10='-0.000000' m11='1.000000' m12='0.000000' m20='-0.744057' m21='-0.000000' m22='0.668116' m30='354.702606' m31='16.605637' m32='531.708313'/>
				<properties serialise_version='4' building_id='' starting_damage_unary='0.000000' on_fire='false' start_disabled='false' weak_point='false' ai_breachable='true' indestructible='false' dockable='true' toggleable='false' lite='false' clamp_to_surface='false' cast_shadows='true'/>
			</BUILDING>
			<BUILDING serialise_version='8' building_id='' parent_id='-1' building_key='nor_dhead_01' position_type='BBPT_LF_RELATIVE' height_mode='BHM_ABSOLUTE'>
				<transform m00='0.668115' m01='0.000000' m02='0.744057' m10='0.712574' m11='0.000001' m12='-0.639846' m20='-0.000001' m21='0.999999' m22='0.000000' m30='358.093842' m31='18.615707' m32='535.511536'/>
				<properties serialise_version='4' building_id='' starting_damage_unary='0.000000' on_fire='false' start_disabled='false' weak_point='false' ai_breachable='true' indestructible='false' dockable='true' toggleable='false' lite='false' clamp_to_surface='false' cast_shadows='true'/>
			</BUILDING>
			<BUILDING serialise_version='8' building_id='' parent_id='-1' building_key='nor_dhead_01' position_type='BBPT_LF_RELATIVE' height_mode='BHM_ABSOLUTE'>
				<transform m00='-0.744056' m01='0.000000' m02='0.668117' m10='-0.000000' m11='1.000000' m12='0.000000' m20='-0.668117' m21='-0.000000' m22='-0.744056' m30='341.769928' m31='18.263294' m32='546.101990'/>
				<properties serialise_version='4' building_id='' starting_damage_unary='0.000000' on_fire='false' start_disabled='false' weak_point='false' ai_breachable='true' indestructible='false' dockable='true' toggleable='false' lite='false' clamp_to_surface='false' cast_shadows='true'/>
			</BUILDING>
			<BUILDING serialise_version='8' building_id='' parent_id='-1' building_key='nor_dhead_01' position_type='BBPT_LF_RELATIVE' height_mode='BHM_ABSOLUTE'>
				<transform m00='-0.668116' m01='0.000000' m02='-0.744056' m10='-0.712574' m11='0.000001' m12='0.639847' m20='0.000001' m21='0.999999' m22='-0.000001' m30='343.516846' m31='18.615711' m32='548.569519'/>
				<properties serialise_version='4' building_id='' starting_damage_unary='0.000000' on_fire='false' start_disabled='false' weak_point='false' ai_breachable='true' indestructible='false' dockable='true' toggleable='false' lite='false' clamp_to_surface='false' cast_shadows='true'/>
			</BUILDING>
			<BUILDING serialise_version='8' building_id='' parent_id='-1' building_key='nor_dhead_03' position_type='BBPT_LF_RELATIVE' height_mode='BHM_ABSOLUTE'>
				<transform m00='-0.668116' m01='0.000000' m02='-0.744056' m10='0.000000' m11='1.000000' m12='0.000000' m20='0.712574' m21='0.000000' m22='-0.639846' m30='346.241302' m31='19.446083' m32='546.079407'/>
				<properties serialise_version='4' building_id='' starting_damage_unary='0.000000' on_fire='false' start_disabled='false' weak_point='false' ai_breachable='true' indestructible='false' dockable='true' toggleable='false' lite='false' clamp_to_surface='false' cast_shadows='true'/>
			</BUILDING>
			<BUILDING serialise_version='8' building_id='' parent_id='-1' building_key='nor_dhead_02' position_type='BBPT_LF_RELATIVE' height_mode='BHM_ABSOLUTE'>
				<transform m00='-1.336231' m01='0.000000' m02='-1.488113' m10='-1.115792' m11='1.323322' m12='1.001911' m20='0.984626' m21='1.499606' m22='-0.884132' m30='339.498993' m31='20.143509' m32='544.224243'/>
				<properties serialise_version='4' building_id='' starting_damage_unary='0.000000' on_fire='false' start_disabled='false' weak_point='false' ai_breachable='true' indestructible='false' dockable='true' toggleable='false' lite='false' clamp_to_surface='false' cast_shadows='true'/>
			</BUILDING>
			<BUILDING serialise_version='8' building_id='' parent_id='-1' building_key='glb_woodpile_01' position_type='BBPT_LF_RELATIVE' height_mode='BHM_ABSOLUTE'>
				<transform m00='0.744057' m01='0.000000' m02='-0.668116' m10='0.000000' m11='1.000000' m12='0.000000' m20='0.668116' m21='0.000000' m22='0.744057' m30='359.122559' m31='14.025789' m32='535.239441'/>
				<properties serialise_version='4' building_id='' starting_damage_unary='0.000000' on_fire='false' start_disabled='false' weak_point='false' ai_breachable='true' indestructible='false' dockable='true' toggleable='false' lite='false' clamp_to_surface='false' cast_shadows='true'/>
			</BUILDING>
			<BUILDING serialise_version='8' building_id='' parent_id='-1' building_key='nor_dhead_01' position_type='BBPT_LF_RELATIVE' height_mode='BHM_ABSOLUTE'>
				<transform m00='0.744057' m01='0.000000' m02='-0.668116' m10='0.000000' m11='1.000000' m12='0.000000' m20='0.668116' m21='0.000000' m22='0.744057' m30='342.630768' m31='18.263294' m32='547.061096'/>
				<properties serialise_version='4' building_id='' starting_damage_unary='0.000000' on_fire='false' start_disabled='false' weak_point='false' ai_breachable='true' indestructible='false' dockable='true' toggleable='false' lite='false' clamp_to_surface='false' cast_shadows='true'/>
			</BUILDING>
			<BUILDING serialise_version='8' building_id='' parent_id='-1' building_key='nor_dhead_03' position_type='BBPT_LF_RELATIVE' height_mode='BHM_ABSOLUTE'>
				<transform m00='0.668115' m01='0.000000' m02='0.744056' m10='-0.000000' m11='1.000000' m12='0.000000' m20='-0.712574' m21='-0.000000' m22='0.639846' m30='354.196442' m31='19.573940' m32='538.876404'/>
				<properties serialise_version='4' building_id='' starting_damage_unary='0.000000' on_fire='false' start_disabled='false' weak_point='false' ai_breachable='true' indestructible='false' dockable='true' toggleable='false' lite='false' clamp_to_surface='false' cast_shadows='true'/>
			</BUILDING>
			<BUILDING serialise_version='8' building_id='' parent_id='-1' building_key='nor_dhead_01' position_type='BBPT_LF_RELATIVE' height_mode='BHM_ABSOLUTE'>
				<transform m00='-0.668116' m01='0.000000' m02='-0.744056' m10='-0.712574' m11='0.000001' m12='0.639847' m20='0.000001' m21='0.999999' m22='-0.000001' m30='343.341064' m31='18.615711' m32='548.373779'/>
				<properties serialise_version='4' building_id='' starting_damage_unary='0.000000' on_fire='false' start_disabled='false' weak_point='false' ai_breachable='true' indestructible='false' dockable='true' toggleable='false' lite='false' clamp_to_surface='false' cast_shadows='true'/>
			</BUILDING>
			<BUILDING serialise_version='8' building_id='' parent_id='-1' building_key='chs_skull_01' position_type='BBPT_LF_RELATIVE' height_mode='BHM_ABSOLUTE'>
				<transform m00='0.668116' m01='0.000000' m02='0.744057' m10='-0.000000' m11='1.000000' m12='0.000000' m20='-0.744057' m21='-0.000000' m22='0.668116' m30='353.267487' m31='16.605637' m32='530.110168'/>
				<properties serialise_version='4' building_id='' starting_damage_unary='0.000000' on_fire='false' start_disabled='false' weak_point='false' ai_breachable='true' indestructible='false' dockable='true' toggleable='false' lite='false' clamp_to_surface='false' cast_shadows='true'/>
			</BUILDING>
			<BUILDING serialise_version='8' building_id='' parent_id='-1' building_key='nor_bone_03' position_type='BBPT_LF_RELATIVE' height_mode='BHM_ABSOLUTE'>
				<transform m00='-0.129962' m01='-0.000000' m02='-0.144734' m10='0.144734' m11='0.000008' m12='-0.129962' m20='0.000006' m21='-0.194520' m22='-0.000005' m30='350.584900' m31='20.320751' m32='539.235962'/>
				<properties serialise_version='4' building_id='' starting_damage_unary='0.000000' on_fire='false' start_disabled='false' weak_point='false' ai_breachable='true' indestructible='false' dockable='true' toggleable='false' lite='false' clamp_to_surface='false' cast_shadows='true'/>
			</BUILDING>
			<BUILDING serialise_version='8' building_id='' parent_id='-1' building_key='brt_house_pc_chm_05' position_type='BBPT_LF_RELATIVE' height_mode='BHM_ABSOLUTE'>
				<transform m00='0.628554' m01='0.000000' m02='-0.777766' m10='0.000000' m11='1.000000' m12='0.000000' m20='0.777766' m21='0.000000' m22='0.628554' m30='350.034180' m31='17.232750' m32='543.803894'/>
				<properties serialise_version='4' building_id='' starting_damage_unary='0.000000' on_fire='false' start_disabled='false' weak_point='false' ai_breachable='true' indestructible='false' dockable='true' toggleable='false' lite='false' clamp_to_surface='false' cast_shadows='true'/>
			</BUILDING>
			<BUILDING serialise_version='8' building_id='' parent_id='-1' building_key='nor_standingstones_lrg_02' position_type='BBPT_LF_RELATIVE' height_mode='BHM_ABSOLUTE'>
				<transform m00='-0.668116' m01='0.000000' m02='-0.744057' m10='0.000000' m11='1.000000' m12='0.000000' m20='0.744057' m21='0.000000' m22='-0.668116' m30='339.269104' m31='14.025789' m32='543.683472'/>
				<properties serialise_version='4' building_id='' starting_damage_unary='0.000000' on_fire='false' start_disabled='false' weak_point='false' ai_breachable='true' indestructible='false' dockable='true' toggleable='false' lite='false' clamp_to_surface='false' cast_shadows='true'/>
			</BUILDING>
			<BUILDING serialise_version='8' building_id='' parent_id='-1' building_key='nor_plank_02' position_type='BBPT_LF_RELATIVE' height_mode='BHM_ABSOLUTE'>
				<transform m00='0.000000' m01='0.999999' m02='0.000000' m10='0.668116' m11='0.000000' m12='0.744056' m20='0.744056' m21='0.000000' m22='-0.668115' m30='354.332306' m31='19.991261' m32='531.998352'/>
				<properties serialise_version='4' building_id='' starting_damage_unary='0.000000' on_fire='false' start_disabled='false' weak_point='false' ai_breachable='true' indestructible='false' dockable='true' toggleable='false' lite='false' clamp_to_surface='false' cast_shadows='true'/>
			</BUILDING>
			<BUILDING serialise_version='8' building_id='' parent_id='-1' building_key='nor_standingstones_lrg_01' position_type='BBPT_LF_RELATIVE' height_mode='BHM_ABSOLUTE'>
				<transform m00='-0.668116' m01='0.000000' m02='-0.744057' m10='0.000000' m11='1.000000' m12='0.000000' m20='0.744057' m21='0.000000' m22='-0.668116' m30='342.779999' m31='14.025789' m32='547.601746'/>
				<properties serialise_version='4' building_id='' starting_damage_unary='0.000000' on_fire='false' start_disabled='false' weak_point='false' ai_breachable='true' indestructible='false' dockable='true' toggleable='false' lite='false' clamp_to_surface='false' cast_shadows='true'/>
			</BUILDING>
			<BUILDING serialise_version='8' building_id='' parent_id='-1' building_key='skv_wooden_bridge_planks_01' position_type='BBPT_LF_RELATIVE' height_mode='BHM_ABSOLUTE'>
				<transform m00='-0.334058' m01='0.000000' m02='-0.372028' m10='0.000000' m11='0.500000' m12='0.000000' m20='0.372028' m21='0.000000' m22='-0.334058' m30='339.778870' m31='19.385006' m32='545.559814'/>
				<properties serialise_version='4' building_id='' starting_damage_unary='0.000000' on_fire='false' start_disabled='false' weak_point='false' ai_breachable='true' indestructible='false' dockable='true' toggleable='false' lite='false' clamp_to_surface='false' cast_shadows='true'/>
			</BUILDING>
			<BUILDING serialise_version='8' building_id='' parent_id='-1' building_key='nor_bone_03' position_type='BBPT_LF_RELATIVE' height_mode='BHM_ABSOLUTE'>
				<transform m00='0.106539' m01='-0.000000' m02='-0.095665' m10='0.095665' m11='0.000000' m12='0.106539' m20='0.000000' m21='-0.143186' m22='0.000000' m30='341.320496' m31='16.797226' m32='545.689880'/>
				<properties serialise_version='4' building_id='' starting_damage_unary='0.000000' on_fire='false' start_disabled='false' weak_point='false' ai_breachable='true' indestructible='false' dockable='true' toggleable='false' lite='false' clamp_to_surface='false' cast_shadows='true'/>
			</BUILDING>
			<BUILDING serialise_version='8' building_id='' parent_id='-1' building_key='chs_skull_02' position_type='BBPT_LF_RELATIVE' height_mode='BHM_ABSOLUTE'>
				<transform m00='-0.426330' m01='0.000000' m02='-0.474788' m10='0.000000' m11='0.638108' m12='0.000000' m20='0.474788' m21='0.000000' m22='-0.426330' m30='341.164612' m31='17.410089' m32='545.823425'/>
				<properties serialise_version='4' building_id='' starting_damage_unary='0.000000' on_fire='false' start_disabled='false' weak_point='false' ai_breachable='true' indestructible='false' dockable='true' toggleable='false' lite='false' clamp_to_surface='false' cast_shadows='true'/>
			</BUILDING>
			<BUILDING serialise_version='8' building_id='' parent_id='-1' building_key='brt_house_wooden_01' position_type='BBPT_LF_RELATIVE' height_mode='BHM_ABSOLUTE'>
				<transform m00='0.712574' m01='0.000000' m02='-0.639847' m10='0.000000' m11='1.000000' m12='0.000000' m20='0.668116' m21='0.000000' m22='0.744057' m30='349.597656' m31='10.307725' m32='540.697632'/>
				<properties serialise_version='4' building_id='' starting_damage_unary='0.000000' on_fire='false' start_disabled='false' weak_point='false' ai_breachable='true' indestructible='false' dockable='true' toggleable='false' lite='false' clamp_to_surface='false' cast_shadows='true'/>
			</BUILDING>
			<BUILDING serialise_version='8' building_id='' parent_id='-1' building_key='brt_house_wooden_02' position_type='BBPT_LF_RELATIVE' height_mode='BHM_ABSOLUTE'>
				<transform m00='0.744057' m01='0.000000' m02='-0.668116' m10='0.000000' m11='1.000000' m12='0.000000' m20='0.668116' m21='0.000000' m22='0.744057' m30='350.821075' m31='17.764996' m32='535.210205'/>
				<properties serialise_version='4' building_id='' starting_damage_unary='0.000000' on_fire='false' start_disabled='false' weak_point='false' ai_breachable='true' indestructible='false' dockable='true' toggleable='false' lite='false' clamp_to_surface='false' cast_shadows='true'/>
			</BUILDING>
			<BUILDING serialise_version='8' building_id='' parent_id='-1' building_key='nor_dhead_02' position_type='BBPT_LF_RELATIVE' height_mode='BHM_ABSOLUTE'>
				<transform m00='-0.712573' m01='0.000000' m02='0.639847' m10='0.429457' m11='0.766044' m12='0.478270' m20='-0.511806' m21='0.642788' m22='-0.569980' m30='348.881317' m31='19.901329' m32='544.566101'/>
				<properties serialise_version='4' building_id='' starting_damage_unary='0.000000' on_fire='false' start_disabled='false' weak_point='false' ai_breachable='true' indestructible='false' dockable='true' toggleable='false' lite='false' clamp_to_surface='false' cast_shadows='true'/>
			</BUILDING>
			<BUILDING serialise_version='8' building_id='' parent_id='-1' building_key='nor_plank_01' position_type='BBPT_LF_RELATIVE' height_mode='BHM_ABSOLUTE'>
				<transform m00='-0.000001' m01='1.000000' m02='0.000001' m10='-0.668116' m11='0.000001' m12='-0.744057' m20='-0.744057' m21='-0.000001' m22='0.668116' m30='339.132141' m31='19.368771' m32='544.939453'/>
				<properties serialise_version='4' building_id='' starting_damage_unary='0.000000' on_fire='false' start_disabled='false' weak_point='false' ai_breachable='true' indestructible='false' dockable='true' toggleable='false' lite='false' clamp_to_surface='false' cast_shadows='true'/>
			</BUILDING>
			<BUILDING serialise_version='8' building_id='' parent_id='-1' building_key='nor_dhead_01' position_type='BBPT_LF_RELATIVE' height_mode='BHM_ABSOLUTE'>
				<transform m00='-0.744056' m01='0.000000' m02='0.668117' m10='-0.000000' m11='1.000000' m12='0.000000' m20='-0.668117' m21='-0.000000' m22='-0.744056' m30='340.167542' m31='18.263294' m32='544.317444'/>
				<properties serialise_version='4' building_id='' starting_damage_unary='0.000000' on_fire='false' start_disabled='false' weak_point='false' ai_breachable='true' indestructible='false' dockable='true' toggleable='false' lite='false' clamp_to_surface='false' cast_shadows='true'/>
			</BUILDING>
			<BUILDING serialise_version='8' building_id='' parent_id='-1' building_key='brt_house_wooden_02' position_type='BBPT_LF_RELATIVE' height_mode='BHM_ABSOLUTE'>
				<transform m00='-0.668116' m01='0.000000' m02='-0.744057' m10='0.000000' m11='1.000000' m12='0.000000' m20='0.744057' m21='0.000000' m22='-0.668116' m30='342.197052' m31='16.559170' m32='542.216553'/>
				<properties serialise_version='4' building_id='' starting_damage_unary='0.000000' on_fire='false' start_disabled='false' weak_point='false' ai_breachable='true' indestructible='false' dockable='true' toggleable='false' lite='false' clamp_to_surface='false' cast_shadows='true'/>
			</BUILDING>
			<BUILDING serialise_version='8' building_id='' parent_id='-1' building_key='nor_dhead_03' position_type='BBPT_LF_RELATIVE' height_mode='BHM_ABSOLUTE'>
				<transform m00='0.744057' m01='0.000000' m02='-0.668116' m10='0.000000' m11='1.000000' m12='0.000000' m20='0.668116' m21='0.000000' m22='0.744057' m30='354.792725' m31='20.565121' m32='532.665039'/>
				<properties serialise_version='4' building_id='' starting_damage_unary='0.000000' on_fire='false' start_disabled='false' weak_point='false' ai_breachable='true' indestructible='false' dockable='true' toggleable='false' lite='false' clamp_to_surface='false' cast_shadows='true'/>
			</BUILDING>
			<BUILDING serialise_version='8' building_id='' parent_id='-1' building_key='nor_dhead_02' position_type='BBPT_LF_RELATIVE' height_mode='BHM_ABSOLUTE'>
				<transform m00='-0.712573' m01='0.000000' m02='0.639847' m10='0.429457' m11='0.766044' m12='0.478270' m20='-0.511806' m21='0.642788' m22='-0.569980' m30='350.837219' m31='19.901329' m32='542.809814'/>
				<properties serialise_version='4' building_id='' starting_damage_unary='0.000000' on_fire='false' start_disabled='false' weak_point='false' ai_breachable='true' indestructible='false' dockable='true' toggleable='false' lite='false' clamp_to_surface='false' cast_shadows='true'/>
			</BUILDING>
			<BUILDING serialise_version='8' building_id='' parent_id='-1' building_key='nor_dhead_01' position_type='BBPT_LF_RELATIVE' height_mode='BHM_ABSOLUTE'>
				<transform m00='-0.744056' m01='0.000000' m02='0.668117' m10='-0.000000' m11='1.000000' m12='0.000000' m20='-0.668117' m21='-0.000000' m22='-0.744056' m30='338.456696' m31='18.263294' m32='542.412109'/>
				<properties serialise_version='4' building_id='' starting_damage_unary='0.000000' on_fire='false' start_disabled='false' weak_point='false' ai_breachable='true' indestructible='false' dockable='true' toggleable='false' lite='false' clamp_to_surface='false' cast_shadows='true'/>
			</BUILDING>
			<BUILDING serialise_version='8' building_id='' parent_id='-1' building_key='glb_marketdeco_barrel_01' position_type='BBPT_LF_RELATIVE' height_mode='BHM_ABSOLUTE'>
				<transform m00='0.744057' m01='0.000000' m02='-0.668116' m10='0.000000' m11='1.000000' m12='0.000000' m20='0.668116' m21='0.000000' m22='0.744057' m30='359.377167' m31='14.025776' m32='536.770447'/>
				<properties serialise_version='4' building_id='' starting_damage_unary='0.000000' on_fire='false' start_disabled='false' weak_point='false' ai_breachable='true' indestructible='false' dockable='true' toggleable='false' lite='false' clamp_to_surface='false' cast_shadows='true'/>
			</BUILDING>
			<BUILDING serialise_version='8' building_id='' parent_id='-1' building_key='glb_ruins_tos_02' position_type='BBPT_LF_RELATIVE' height_mode='BHM_ABSOLUTE'>
				<transform m00='-0.978914' m01='0.000000' m02='-0.204269' m10='0.000000' m11='1.000000' m12='0.000000' m20='0.204269' m21='0.000000' m22='-0.978914' m30='333.865814' m31='16.042986' m32='510.676636'/>
				<properties serialise_version='4' building_id='' starting_damage_unary='0.000000' on_fire='false' start_disabled='false' weak_point='false' ai_breachable='true' indestructible='false' dockable='true' toggleable='false' lite='false' clamp_to_surface='false' cast_shadows='true'/>
			</BUILDING>
			<BUILDING serialise_version='8' building_id='' parent_id='-1' building_key='glb_ruins_tos_02' position_type='BBPT_LF_RELATIVE' height_mode='BHM_ABSOLUTE'>
				<transform m00='0.695492' m01='0.000000' m02='-0.718533' m10='0.000000' m11='1.000000' m12='0.000000' m20='0.718533' m21='0.000000' m22='0.695492' m30='327.968109' m31='16.042986' m32='468.976379'/>
				<properties serialise_version='4' building_id='' starting_damage_unary='0.000000' on_fire='false' start_disabled='false' weak_point='false' ai_breachable='true' indestructible='false' dockable='true' toggleable='false' lite='false' clamp_to_surface='false' cast_shadows='true'/>
			</BUILDING>
			<BUILDING serialise_version='8' building_id='' parent_id='-1' building_key='glb_ruins_tos_02' position_type='BBPT_LF_RELATIVE' height_mode='BHM_ABSOLUTE'>
				<transform m00='-0.223506' m01='0.000000' m02='0.974703' m10='-0.000000' m11='1.000000' m12='0.000000' m20='-0.974703' m21='-0.000000' m22='-0.223506' m30='335.103607' m31='15.241151' m32='500.538330'/>
				<properties serialise_version='4' building_id='' starting_damage_unary='0.000000' on_fire='false' start_disabled='false' weak_point='false' ai_breachable='true' indestructible='false' dockable='true' toggleable='false' lite='false' clamp_to_surface='false' cast_shadows='true'/>
			</BUILDING>
			<BUILDING serialise_version='8' building_id='' parent_id='-1' building_key='glb_wall_platform_props_planks01' position_type='BBPT_LF_RELATIVE' height_mode='BHM_ABSOLUTE'>
				<transform m00='-0.978915' m01='0.000000' m02='-0.204269' m10='0.000000' m11='1.000000' m12='0.000000' m20='0.204269' m21='0.000000' m22='-0.978915' m30='340.494995' m31='19.768440' m32='500.755859'/>
				<properties serialise_version='4' building_id='' starting_damage_unary='0.000000' on_fire='false' start_disabled='false' weak_point='false' ai_breachable='true' indestructible='false' dockable='true' toggleable='false' lite='false' clamp_to_surface='false' cast_shadows='true'/>
			</BUILDING>
			<BUILDING serialise_version='8' building_id='' parent_id='-1' building_key='glb_ruins_tos_01' position_type='BBPT_LF_RELATIVE' height_mode='BHM_ABSOLUTE'>
				<transform m00='-0.978915' m01='0.000000' m02='-0.204269' m10='0.000000' m11='1.000000' m12='0.000000' m20='0.204269' m21='0.000000' m22='-0.978915' m30='333.987396' m31='20.323191' m32='478.988708'/>
				<properties serialise_version='4' building_id='' starting_damage_unary='0.000000' on_fire='false' start_disabled='false' weak_point='false' ai_breachable='true' indestructible='false' dockable='true' toggleable='false' lite='false' clamp_to_surface='false' cast_shadows='true'/>
			</BUILDING>
			<BUILDING serialise_version='8' building_id='' parent_id='-1' building_key='nor_dhead_02' position_type='BBPT_LF_RELATIVE' height_mode='BHM_ABSOLUTE'>
				<transform m00='-0.978915' m01='0.000000' m02='-0.204269' m10='0.000000' m11='1.000000' m12='0.000000' m20='0.204269' m21='0.000000' m22='-0.978915' m30='334.702972' m31='24.649137' m32='502.500732'/>
				<properties serialise_version='4' building_id='' starting_damage_unary='0.000000' on_fire='false' start_disabled='false' weak_point='false' ai_breachable='true' indestructible='false' dockable='true' toggleable='false' lite='false' clamp_to_surface='false' cast_shadows='true'/>
			</BUILDING>
			<BUILDING serialise_version='8' building_id='' parent_id='-1' building_key='glb_ruins_tos_02' position_type='BBPT_LF_RELATIVE' height_mode='BHM_ABSOLUTE'>
				<transform m00='-0.978914' m01='0.000000' m02='-0.204269' m10='0.000000' m11='1.000000' m12='0.000000' m20='0.204269' m21='0.000000' m22='-0.978914' m30='339.139832' m31='15.144130' m32='497.674622'/>
				<properties serialise_version='4' building_id='' starting_damage_unary='0.000000' on_fire='false' start_disabled='false' weak_point='false' ai_breachable='true' indestructible='false' dockable='true' toggleable='false' lite='false' clamp_to_surface='false' cast_shadows='true'/>
			</BUILDING>
			<BUILDING serialise_version='8' building_id='' parent_id='-1' building_key='nor_dhead_02' position_type='BBPT_LF_RELATIVE' height_mode='BHM_ABSOLUTE'>
				<transform m00='0.978915' m01='0.000000' m02='0.204269' m10='-0.000000' m11='1.000000' m12='0.000000' m20='-0.204269' m21='-0.000000' m22='0.978915' m30='335.481995' m31='24.649137' m32='498.767426'/>
				<properties serialise_version='4' building_id='' starting_damage_unary='0.000000' on_fire='false' start_disabled='false' weak_point='false' ai_breachable='true' indestructible='false' dockable='true' toggleable='false' lite='false' clamp_to_surface='false' cast_shadows='true'/>
			</BUILDING>
			<BUILDING serialise_version='8' building_id='' parent_id='-1' building_key='glb_ruins_tos_02' position_type='BBPT_LF_RELATIVE' height_mode='BHM_ABSOLUTE'>
				<transform m00='-0.978914' m01='0.000000' m02='-0.204269' m10='0.000000' m11='1.000000' m12='0.000000' m20='0.204269' m21='0.000000' m22='-0.978914' m30='333.432526' m31='15.472569' m32='505.174194'/>
				<properties serialise_version='4' building_id='' starting_damage_unary='0.000000' on_fire='false' start_disabled='false' weak_point='false' ai_breachable='true' indestructible='false' dockable='true' toggleable='false' lite='false' clamp_to_surface='false' cast_shadows='true'/>
			</BUILDING>
			<BUILDING serialise_version='8' building_id='' parent_id='-1' building_key='glb_ruins_tos_02' position_type='BBPT_LF_RELATIVE' height_mode='BHM_ABSOLUTE'>
				<transform m00='-0.098767' m01='0.000000' m02='0.995110' m10='-0.000000' m11='1.000000' m12='0.000000' m20='-0.995110' m21='-0.000000' m22='-0.098767' m30='343.230957' m31='16.042973' m32='471.544922'/>
				<properties serialise_version='4' building_id='' starting_damage_unary='0.000000' on_fire='false' start_disabled='false' weak_point='false' ai_breachable='true' indestructible='false' dockable='true' toggleable='false' lite='false' clamp_to_surface='false' cast_shadows='true'/>
			</BUILDING>
			<BUILDING serialise_version='8' building_id='' parent_id='-1' building_key='nor_dhead_02' position_type='BBPT_LF_RELATIVE' height_mode='BHM_ABSOLUTE'>
				<transform m00='0.978915' m01='0.000000' m02='0.204269' m10='-0.000000' m11='1.000000' m12='0.000000' m20='-0.204269' m21='-0.000000' m22='0.978915' m30='334.900238' m31='24.649137' m32='501.555420'/>
				<properties serialise_version='4' building_id='' starting_damage_unary='0.000000' on_fire='false' start_disabled='false' weak_point='false' ai_breachable='true' indestructible='false' dockable='true' toggleable='false' lite='false' clamp_to_surface='false' cast_shadows='true'/>
			</BUILDING>
			<BUILDING serialise_version='8' building_id='' parent_id='-1' building_key='glb_ruins_tos_02' position_type='BBPT_LF_RELATIVE' height_mode='BHM_ABSOLUTE'>
				<transform m00='0.211748' m01='0.000000' m02='0.977324' m10='-0.000000' m11='1.000000' m12='0.000000' m20='-0.977324' m21='-0.000000' m22='0.211748' m30='344.508698' m31='16.042974' m32='477.673828'/>
				<properties serialise_version='4' building_id='' starting_damage_unary='0.000000' on_fire='false' start_disabled='false' weak_point='false' ai_breachable='true' indestructible='false' dockable='true' toggleable='false' lite='false' clamp_to_surface='false' cast_shadows='true'/>
			</BUILDING>
			<BUILDING serialise_version='8' building_id='' parent_id='-1' building_key='nor_totem_03' position_type='BBPT_LF_RELATIVE' height_mode='BHM_ABSOLUTE'>
				<transform m00='0.505117' m01='0.000000' m02='0.105402' m10='-0.000000' m11='0.515997' m12='0.000000' m20='-0.105402' m21='-0.000000' m22='0.505117' m30='340.975677' m31='16.042976' m32='510.720947'/>
				<properties serialise_version='4' building_id='' starting_damage_unary='0.000000' on_fire='false' start_disabled='false' weak_point='false' ai_breachable='true' indestructible='false' dockable='true' toggleable='false' lite='false' clamp_to_surface='false' cast_shadows='true'/>
			</BUILDING>
			<BUILDING serialise_version='8' building_id='' parent_id='-1' building_key='glb_ruins_tos_02' position_type='BBPT_LF_RELATIVE' height_mode='BHM_ABSOLUTE'>
				<transform m00='0.816966' m01='0.000000' m02='-0.576686' m10='0.000000' m11='1.000000' m12='0.000000' m20='0.576686' m21='0.000000' m22='0.816966' m30='342.231262' m31='16.042973' m32='487.191376'/>
				<properties serialise_version='4' building_id='' starting_damage_unary='0.000000' on_fire='false' start_disabled='false' weak_point='false' ai_breachable='true' indestructible='false' dockable='true' toggleable='false' lite='false' clamp_to_surface='false' cast_shadows='true'/>
			</BUILDING>
			<BUILDING serialise_version='8' building_id='' parent_id='-1' building_key='glb_ruins_tos_02' position_type='BBPT_LF_RELATIVE' height_mode='BHM_ABSOLUTE'>
				<transform m00='0.031179' m01='0.000000' m02='-0.999514' m10='0.000000' m11='1.000000' m12='0.000000' m20='0.999514' m21='0.000000' m22='0.031179' m30='335.851898' m31='15.251549' m32='495.963318'/>
				<properties serialise_version='4' building_id='' starting_damage_unary='0.000000' on_fire='false' start_disabled='false' weak_point='false' ai_breachable='true' indestructible='false' dockable='true' toggleable='false' lite='false' clamp_to_surface='false' cast_shadows='true'/>
			</BUILDING>
			<BUILDING serialise_version='8' building_id='' parent_id='-1' building_key='glb_wall_platform_props_planks01' position_type='BBPT_LF_RELATIVE' height_mode='BHM_ABSOLUTE'>
