<BATTLE_MAP_DEFINITION_DATA serialise_version='24'>
	<BATTLEFIELD_BUILDING_LIST serialise_version='1'>
		<BUILDINGS>
			<BUILDING serialise_version='8' building_id='' parent_id='-1' building_key='mtn_cliff_lrg_04' position_type='BBPT_LF_RELATIVE' height_mode='BHM_ABSOLUTE'>
				<transform m00='0.634930' m01='0.000000' m02='0.772570' m10='-0.000000' m11='1.000000' m12='0.000000' m20='-0.772570' m21='-0.000000' m22='0.634930' m30='1236.349487' m31='-325.121155' m32='1158.276001'/>
				<properties serialise_version='4' building_id='' starting_damage_unary='0.000000' on_fire='false' start_disabled='false' weak_point='false' ai_breachable='true' indestructible='false' dockable='true' toggleable='false' lite='false' clamp_to_surface='false' cast_shadows='true'/>
			</BUILDING>
			<BUILDING serialise_version='8' building_id='' parent_id='-1' building_key='mtn_cliff_lrg_04' position_type='BBPT_LF_RELATIVE' height_mode='BHM_ABSOLUTE'>
				<transform m00='0.634930' m01='0.000000' m02='0.772570' m10='-0.000000' m11='1.000000' m12='0.000000' m20='-0.772570' m21='-0.000000' m22='0.634930' m30='1329.900146' m31='-299.553345' m32='1126.071411'/>
				<properties serialise_version='4' building_id='' starting_damage_unary='0.000000' on_fire='false' start_disabled='false' weak_point='false' ai_breachable='true' indestructible='false' dockable='true' toggleable='false' lite='false' clamp_to_surface='false' cast_shadows='true'/>
			</BUILDING>
			<BUILDING serialise_version='8' building_id='' parent_id='-1' building_key='mtn_cliff_lrg_04' position_type='BBPT_LF_RELATIVE' height_mode='BHM_ABSOLUTE'>
				<transform m00='0.634930' m01='0.000000' m02='0.772570' m10='-0.000000' m11='1.000000' m12='0.000000' m20='-0.772570' m21='-0.000000' m22='0.634930' m30='1349.667480' m31='-286.305481' m32='1233.302246'/>
				<properties serialise_version='4' building_id='' starting_damage_unary='0.000000' on_fire='false' start_disabled='false' weak_point='false' ai_breachable='true' indestructible='false' dockable='true' toggleable='false' lite='false' clamp_to_surface='false' cast_shadows='true'/>
			</BUILDING>
			<BUILDING serialise_version='8' building_id='' parent_id='-1' building_key='mtn_cliff_lrg_04' position_type='BBPT_LF_RELATIVE' height_mode='BHM_ABSOLUTE'>
				<transform m00='0.634930' m01='0.000000' m02='0.772570' m10='-0.000000' m11='1.000000' m12='0.000000' m20='-0.772570' m21='-0.000000' m22='0.634930' m30='1400.092041' m31='-299.552673' m32='1407.417480'/>
				<properties serialise_version='4' building_id='' starting_damage_unary='0.000000' on_fire='false' start_disabled='false' weak_point='false' ai_breachable='true' indestructible='false' dockable='true' toggleable='false' lite='false' clamp_to_surface='false' cast_shadows='true'/>
			</BUILDING>
			<BUILDING serialise_version='8' building_id='' parent_id='-1' building_key='mtn_cliff_lrg_04' position_type='BBPT_LF_RELATIVE' height_mode='BHM_ABSOLUTE'>
				<transform m00='0.634930' m01='0.000000' m02='0.772570' m10='-0.000000' m11='1.000000' m12='0.000000' m20='-0.772570' m21='-0.000000' m22='0.634930' m30='1224.790283' m31='-270.750366' m32='1000.957764'/>
				<properties serialise_version='4' building_id='' starting_damage_unary='0.000000' on_fire='false' start_disabled='false' weak_point='false' ai_breachable='true' indestructible='false' dockable='true' toggleable='false' lite='false' clamp_to_surface='false' cast_shadows='true'/>
			</BUILDING>
			<BUILDING serialise_version='8' building_id='' parent_id='-1' building_key='mtn_cliff_lrg_04' position_type='BBPT_LF_RELATIVE' height_mode='BHM_ABSOLUTE'>
				<transform m00='0.634930' m01='0.000000' m02='0.772570' m10='-0.000000' m11='1.000000' m12='0.000000' m20='-0.772570' m21='-0.000000' m22='0.634930' m30='963.646851' m31='-299.551239' m32='1083.033936'/>
				<properties serialise_version='4' building_id='' starting_damage_unary='0.000000' on_fire='false' start_disabled='false' weak_point='false' ai_breachable='true' indestructible='false' dockable='true' toggleable='false' lite='false' clamp_to_surface='false' cast_shadows='true'/>
			</BUILDING>
			<BUILDING serialise_version='8' building_id='' parent_id='-1' building_key='mtn_cliff_lrg_04' position_type='BBPT_LF_RELATIVE' height_mode='BHM_ABSOLUTE'>
				<transform m00='0.406170' m01='0.000000' m02='-0.913797' m10='0.000000' m11='1.000000' m12='0.000000' m20='0.913797' m21='0.000000' m22='0.406170' m30='803.314392' m31='-299.551483' m32='1157.113037'/>
				<properties serialise_version='4' building_id='' starting_damage_unary='0.000000' on_fire='false' start_disabled='false' weak_point='false' ai_breachable='true' indestructible='false' dockable='true' toggleable='false' lite='false' clamp_to_surface='false' cast_shadows='true'/>
			</BUILDING>
			<BUILDING serialise_version='8' building_id='' parent_id='-1' building_key='mtn_cliff_lrg_04' position_type='BBPT_LF_RELATIVE' height_mode='BHM_ABSOLUTE'>
				<transform m00='0.406170' m01='0.000000' m02='-0.913797' m10='0.000000' m11='1.000000' m12='0.000000' m20='0.913797' m21='0.000000' m22='0.406170' m30='783.975830' m31='-277.742065' m32='1143.205933'/>
				<properties serialise_version='4' building_id='' starting_damage_unary='0.000000' on_fire='false' start_disabled='false' weak_point='false' ai_breachable='true' indestructible='false' dockable='true' toggleable='false' lite='false' clamp_to_surface='false' cast_shadows='true'/>
			</BUILDING>
			<BUILDING serialise_version='8' building_id='' parent_id='-1' building_key='mtn_cliff_lrg_04' position_type='BBPT_LF_RELATIVE' height_mode='BHM_ABSOLUTE'>
				<transform m00='0.406170' m01='0.000000' m02='-0.913798' m10='0.000000' m11='1.000000' m12='0.000000' m20='0.913798' m21='0.000000' m22='0.406170' m30='812.583313' m31='-277.742004' m32='1305.462646'/>
				<properties serialise_version='4' building_id='' starting_damage_unary='0.000000' on_fire='false' start_disabled='false' weak_point='false' ai_breachable='true' indestructible='false' dockable='true' toggleable='false' lite='false' clamp_to_surface='false' cast_shadows='true'/>
			</BUILDING>
			<BUILDING serialise_version='8' building_id='' parent_id='-1' building_key='mtn_cliff_lrg_04' position_type='BBPT_LF_RELATIVE' height_mode='BHM_ABSOLUTE'>
				<transform m00='-0.451384' m01='0.000000' m02='0.892330' m10='-0.000000' m11='1.000000' m12='0.000000' m20='-0.892330' m21='-0.000000' m22='-0.451384' m30='1089.949463' m31='-264.473450' m32='1800.346313'/>
				<properties serialise_version='4' building_id='' starting_damage_unary='0.000000' on_fire='false' start_disabled='false' weak_point='false' ai_breachable='true' indestructible='false' dockable='true' toggleable='false' lite='false' clamp_to_surface='false' cast_shadows='true'/>
			</BUILDING>
			<BUILDING serialise_version='8' building_id='' parent_id='-1' building_key='mtn_cliff_lrg_04' position_type='BBPT_LF_RELATIVE' height_mode='BHM_ABSOLUTE'>
				<transform m00='0.634930' m01='0.000000' m02='0.772570' m10='-0.000000' m11='1.000000' m12='0.000000' m20='-0.772570' m21='-0.000000' m22='0.634930' m30='731.633911' m31='-275.844452' m32='1550.160645'/>
				<properties serialise_version='4' building_id='' starting_damage_unary='0.000000' on_fire='false' start_disabled='false' weak_point='false' ai_breachable='true' indestructible='false' dockable='true' toggleable='false' lite='false' clamp_to_surface='false' cast_shadows='true'/>
			</BUILDING>
			<BUILDING serialise_version='8' building_id='' parent_id='-1' building_key='mtn_cliff_lrg_04' position_type='BBPT_LF_RELATIVE' height_mode='BHM_ABSOLUTE'>
				<transform m00='0.634930' m01='0.000000' m02='0.772570' m10='-0.000000' m11='1.000000' m12='0.000000' m20='-0.772570' m21='-0.000000' m22='0.634930' m30='777.611938' m31='-302.137085' m32='1629.973755'/>
				<properties serialise_version='4' building_id='' starting_damage_unary='0.000000' on_fire='false' start_disabled='false' weak_point='false' ai_breachable='true' indestructible='false' dockable='true' toggleable='false' lite='false' clamp_to_surface='false' cast_shadows='true'/>
			</BUILDING>
			<BUILDING serialise_version='8' building_id='' parent_id='-1' building_key='mtn_cliff_lrg_04' position_type='BBPT_LF_RELATIVE' height_mode='BHM_ABSOLUTE'>
				<transform m00='0.634930' m01='0.000000' m02='0.772570' m10='-0.000000' m11='1.000000' m12='0.000000' m20='-0.772570' m21='-0.000000' m22='0.634930' m30='857.481628' m31='-280.859985' m32='1711.036743'/>
				<properties serialise_version='4' building_id='' starting_damage_unary='0.000000' on_fire='false' start_disabled='false' weak_point='false' ai_breachable='true' indestructible='false' dockable='true' toggleable='false' lite='false' clamp_to_surface='false' cast_shadows='true'/>
			</BUILDING>
			<BUILDING serialise_version='8' building_id='' parent_id='-1' building_key='mtn_cliff_lrg_04' position_type='BBPT_LF_RELATIVE' height_mode='BHM_ABSOLUTE'>
				<transform m00='0.634930' m01='0.000000' m02='0.772570' m10='-0.000000' m11='1.000000' m12='0.000000' m20='-0.772570' m21='-0.000000' m22='0.634930' m30='1056.289063' m31='-298.874878' m32='1741.415527'/>
				<properties serialise_version='4' building_id='' starting_damage_unary='0.000000' on_fire='false' start_disabled='false' weak_point='false' ai_breachable='true' indestructible='false' dockable='true' toggleable='false' lite='false' clamp_to_surface='false' cast_shadows='true'/>
			</BUILDING>
			<BUILDING serialise_version='8' building_id='' parent_id='-1' building_key='mtn_cliff_lrg_04' position_type='BBPT_LF_RELATIVE' height_mode='BHM_ABSOLUTE'>
				<transform m00='0.634930' m01='0.000000' m02='0.772570' m10='-0.000000' m11='1.000000' m12='0.000000' m20='-0.772570' m21='-0.000000' m22='0.634930' m30='891.074158' m31='-301.703430' m32='1718.837646'/>
				<properties serialise_version='4' building_id='' starting_damage_unary='0.000000' on_fire='false' start_disabled='false' weak_point='false' ai_breachable='true' indestructible='false' dockable='true' toggleable='false' lite='false' clamp_to_surface='false' cast_shadows='true'/>
			</BUILDING>
			<BUILDING serialise_version='8' building_id='' parent_id='-1' building_key='mtn_cliff_lrg_04' position_type='BBPT_LF_RELATIVE' height_mode='BHM_ABSOLUTE'>
				<transform m00='0.634930' m01='0.000000' m02='0.772570' m10='-0.000000' m11='1.000000' m12='0.000000' m20='-0.772570' m21='-0.000000' m22='0.634930' m30='1006.994629' m31='-319.529480' m32='1755.478760'/>
				<properties serialise_version='4' building_id='' starting_damage_unary='0.000000' on_fire='false' start_disabled='false' weak_point='false' ai_breachable='true' indestructible='false' dockable='true' toggleable='false' lite='false' clamp_to_surface='false' cast_shadows='true'/>
			</BUILDING>
			<BUILDING serialise_version='8' building_id='' parent_id='-1' building_key='mtn_cliff_lrg_04' position_type='BBPT_LF_RELATIVE' height_mode='BHM_ABSOLUTE'>
				<transform m00='0.634930' m01='0.000000' m02='0.772570' m10='-0.000000' m11='1.000000' m12='0.000000' m20='-0.772570' m21='-0.000000' m22='0.634930' m30='1303.861084' m31='-270.750366' m32='1017.686035'/>
				<properties serialise_version='4' building_id='' starting_damage_unary='0.000000' on_fire='false' start_disabled='false' weak_point='false' ai_breachable='true' indestructible='false' dockable='true' toggleable='false' lite='false' clamp_to_surface='false' cast_shadows='true'/>
			</BUILDING>
			<BUILDING serialise_version='8' building_id='' parent_id='-1' building_key='mtn_cliff_lrg_04' position_type='BBPT_LF_RELATIVE' height_mode='BHM_ABSOLUTE'>
				<transform m00='0.634930' m01='0.000000' m02='0.772570' m10='-0.000000' m11='1.000000' m12='0.000000' m20='-0.772570' m21='-0.000000' m22='0.634930' m30='1421.844604' m31='-280.109039' m32='1565.015625'/>
				<properties serialise_version='4' building_id='' starting_damage_unary='0.000000' on_fire='false' start_disabled='false' weak_point='false' ai_breachable='true' indestructible='false' dockable='true' toggleable='false' lite='false' clamp_to_surface='false' cast_shadows='true'/>
			</BUILDING>
			<BUILDING serialise_version='8' building_id='' parent_id='-1' building_key='mtn_cliff_lrg_04' position_type='BBPT_LF_RELATIVE' height_mode='BHM_ABSOLUTE'>
				<transform m00='-0.781247' m01='0.000000' m02='-0.624221' m10='0.000000' m11='1.000000' m12='0.000000' m20='0.624221' m21='0.000000' m22='-0.781247' m30='1402.436035' m31='-280.109222' m32='1786.290649'/>
				<properties serialise_version='4' building_id='' starting_damage_unary='0.000000' on_fire='false' start_disabled='false' weak_point='false' ai_breachable='true' indestructible='false' dockable='true' toggleable='false' lite='false' clamp_to_surface='false' cast_shadows='true'/>
			</BUILDING>
			<BUILDING serialise_version='8' building_id='' parent_id='-1' building_key='mtn_cliff_lrg_04' position_type='BBPT_LF_RELATIVE' height_mode='BHM_ABSOLUTE'>
				<transform m00='-0.781247' m01='0.000000' m02='-0.624221' m10='0.000000' m11='1.000000' m12='0.000000' m20='0.624221' m21='0.000000' m22='-0.781247' m30='1098.619751' m31='-258.410492' m32='1925.044434'/>
				<properties serialise_version='4' building_id='' starting_damage_unary='0.000000' on_fire='false' start_disabled='false' weak_point='false' ai_breachable='true' indestructible='false' dockable='true' toggleable='false' lite='false' clamp_to_surface='false' cast_shadows='true'/>
			</BUILDING>
			<BUILDING serialise_version='8' building_id='' parent_id='-1' building_key='mtn_cliff_lrg_04' position_type='BBPT_LF_RELATIVE' height_mode='BHM_ABSOLUTE'>
				<transform m00='-0.781247' m01='0.000000' m02='-0.624221' m10='0.000000' m11='1.000000' m12='0.000000' m20='0.624221' m21='0.000000' m22='-0.781247' m30='1417.622925' m31='-246.808228' m32='1995.483643'/>
				<properties serialise_version='4' building_id='' starting_damage_unary='0.000000' on_fire='false' start_disabled='false' weak_point='false' ai_breachable='true' indestructible='false' dockable='true' toggleable='false' lite='false' clamp_to_surface='false' cast_shadows='true'/>
			</BUILDING>
			<BUILDING serialise_version='8' building_id='' parent_id='-1' building_key='mtn_cliff_lrg_04' position_type='BBPT_LF_RELATIVE' height_mode='BHM_ABSOLUTE'>
				<transform m00='-0.781247' m01='0.000000' m02='-0.624221' m10='0.000000' m11='1.000000' m12='0.000000' m20='0.624221' m21='0.000000' m22='-0.781247' m30='1050.497192' m31='-226.604309' m32='2011.907593'/>
				<properties serialise_version='4' building_id='' starting_damage_unary='0.000000' on_fire='false' start_disabled='false' weak_point='false' ai_breachable='true' indestructible='false' dockable='true' toggleable='false' lite='false' clamp_to_surface='false' cast_shadows='true'/>
			</BUILDING>
			<BUILDING serialise_version='8' building_id='' parent_id='-1' building_key='mtn_cliff_lrg_04' position_type='BBPT_LF_RELATIVE' height_mode='BHM_ABSOLUTE'>
				<transform m00='-0.781247' m01='0.000000' m02='-0.624221' m10='0.000000' m11='1.000000' m12='0.000000' m20='0.624221' m21='0.000000' m22='-0.781247' m30='968.279785' m31='-172.169052' m32='1849.515259'/>
				<properties serialise_version='4' building_id='' starting_damage_unary='0.000000' on_fire='false' start_disabled='false' weak_point='false' ai_breachable='true' indestructible='false' dockable='true' toggleable='false' lite='false' clamp_to_surface='false' cast_shadows='true'/>
			</BUILDING>
			<BUILDING serialise_version='8' building_id='' parent_id='-1' building_key='mtn_cliff_lrg_04' position_type='BBPT_LF_RELATIVE' height_mode='BHM_ABSOLUTE'>
				<transform m00='-0.781247' m01='0.000000' m02='-0.624221' m10='0.000000' m11='1.000000' m12='0.000000' m20='0.624221' m21='0.000000' m22='-0.781247' m30='721.904114' m31='-226.604248' m32='1805.649780'/>
				<properties serialise_version='4' building_id='' starting_damage_unary='0.000000' on_fire='false' start_disabled='false' weak_point='false' ai_breachable='true' indestructible='false' dockable='true' toggleable='false' lite='false' clamp_to_surface='false' cast_shadows='true'/>
			</BUILDING>
			<BUILDING serialise_version='8' building_id='' parent_id='-1' building_key='mtn_cliff_lrg_04' position_type='BBPT_LF_RELATIVE' height_mode='BHM_ABSOLUTE'>
				<transform m00='-0.781247' m01='0.000000' m02='-0.624221' m10='0.000000' m11='1.000000' m12='0.000000' m20='0.624221' m21='0.000000' m22='-0.781247' m30='579.017761' m31='-252.375153' m32='1597.131592'/>
				<properties serialise_version='4' building_id='' starting_damage_unary='0.000000' on_fire='false' start_disabled='false' weak_point='false' ai_breachable='true' indestructible='false' dockable='true' toggleable='false' lite='false' clamp_to_surface='false' cast_shadows='true'/>
			</BUILDING>
			<BUILDING serialise_version='8' building_id='' parent_id='-1' building_key='mtn_cliff_lrg_04' position_type='BBPT_LF_RELATIVE' height_mode='BHM_ABSOLUTE'>
				<transform m00='0.634930' m01='0.000000' m02='0.772570' m10='-0.000000' m11='1.000000' m12='0.000000' m20='-0.772570' m21='-0.000000' m22='0.634930' m30='1397.550781' m31='-235.355667' m32='1260.541382'/>
				<properties serialise_version='4' building_id='' starting_damage_unary='0.000000' on_fire='false' start_disabled='false' weak_point='false' ai_breachable='true' indestructible='false' dockable='true' toggleable='false' lite='false' clamp_to_surface='false' cast_shadows='true'/>
			</BUILDING>
			<BUILDING serialise_version='8' building_id='' parent_id='-1' building_key='mtn_cliff_lrg_04' position_type='BBPT_LF_RELATIVE' height_mode='BHM_ABSOLUTE'>
				<transform m00='0.634930' m01='0.000000' m02='0.772570' m10='-0.000000' m11='1.000000' m12='0.000000' m20='-0.772570' m21='-0.000000' m22='0.634930' m30='1507.847046' m31='-186.839722' m32='1209.554688'/>
				<properties serialise_version='4' building_id='' starting_damage_unary='0.000000' on_fire='false' start_disabled='false' weak_point='false' ai_breachable='true' indestructible='false' dockable='true' toggleable='false' lite='false' clamp_to_surface='false' cast_shadows='true'/>
			</BUILDING>
			<BUILDING serialise_version='8' building_id='' parent_id='-1' building_key='mtn_cliff_lrg_04' position_type='BBPT_LF_RELATIVE' height_mode='BHM_ABSOLUTE'>
				<transform m00='0.634930' m01='0.000000' m02='0.772570' m10='-0.000000' m11='1.000000' m12='0.000000' m20='-0.772570' m21='-0.000000' m22='0.634930' m30='1560.356201' m31='-181.336365' m32='1562.300659'/>
				<properties serialise_version='4' building_id='' starting_damage_unary='0.000000' on_fire='false' start_disabled='false' weak_point='false' ai_breachable='true' indestructible='false' dockable='true' toggleable='false' lite='false' clamp_to_surface='false' cast_shadows='true'/>
			</BUILDING>
			<BUILDING serialise_version='8' building_id='' parent_id='-1' building_key='mtn_cliff_lrg_04' position_type='BBPT_LF_RELATIVE' height_mode='BHM_ABSOLUTE'>
				<transform m00='0.634930' m01='0.000000' m02='0.772570' m10='-0.000000' m11='1.000000' m12='0.000000' m20='-0.772570' m21='-0.000000' m22='0.634930' m30='1607.131958' m31='-181.336365' m32='1410.163330'/>
				<properties serialise_version='4' building_id='' starting_damage_unary='0.000000' on_fire='false' start_disabled='false' weak_point='false' ai_breachable='true' indestructible='false' dockable='true' toggleable='false' lite='false' clamp_to_surface='false' cast_shadows='true'/>
			</BUILDING>
			<BUILDING serialise_version='8' building_id='' parent_id='-1' building_key='mtn_cliff_lrg_04' position_type='BBPT_LF_RELATIVE' height_mode='BHM_ABSOLUTE'>
				<transform m00='0.634930' m01='0.000000' m02='0.772570' m10='-0.000000' m11='1.000000' m12='0.000000' m20='-0.772570' m21='-0.000000' m22='0.634930' m30='1581.878540' m31='-181.336365' m32='1795.441406'/>
				<properties serialise_version='4' building_id='' starting_damage_unary='0.000000' on_fire='false' start_disabled='false' weak_point='false' ai_breachable='true' indestructible='false' dockable='true' toggleable='false' lite='false' clamp_to_surface='false' cast_shadows='true'/>
			</BUILDING>
			<BUILDING serialise_version='8' building_id='' parent_id='-1' building_key='mtn_cliff_lrg_04' position_type='BBPT_LF_RELATIVE' height_mode='BHM_ABSOLUTE'>
				<transform m00='0.634930' m01='0.000000' m02='0.772570' m10='-0.000000' m11='1.000000' m12='0.000000' m20='-0.772570' m21='-0.000000' m22='0.634930' m30='1762.312866' m31='-181.336365' m32='1950.016113'/>
				<properties serialise_version='4' building_id='' starting_damage_unary='0.000000' on_fire='false' start_disabled='false' weak_point='false' ai_breachable='true' indestructible='false' dockable='true' toggleable='false' lite='false' clamp_to_surface='false' cast_shadows='true'/>
			</BUILDING>
			<BUILDING serialise_version='8' building_id='' parent_id='-1' building_key='mtn_cliff_lrg_04' position_type='BBPT_LF_RELATIVE' height_mode='BHM_ABSOLUTE'>
				<transform m00='0.634930' m01='0.000000' m02='0.772570' m10='-0.000000' m11='1.000000' m12='0.000000' m20='-0.772570' m21='-0.000000' m22='0.634930' m30='1673.425537' m31='-181.336426' m32='2045.621338'/>
				<properties serialise_version='4' building_id='' starting_damage_unary='0.000000' on_fire='false' start_disabled='false' weak_point='false' ai_breachable='true' indestructible='false' dockable='true' toggleable='false' lite='false' clamp_to_surface='false' cast_shadows='true'/>
			</BUILDING>
			<BUILDING serialise_version='8' building_id='' parent_id='-1' building_key='mtn_cliff_lrg_04' position_type='BBPT_LF_RELATIVE' height_mode='BHM_ABSOLUTE'>
				<transform m00='0.634930' m01='0.000000' m02='0.772570' m10='-0.000000' m11='1.000000' m12='0.000000' m20='-0.772570' m21='-0.000000' m22='0.634930' m30='1479.601196' m31='-194.548035' m32='2117.845459'/>
				<properties serialise_version='4' building_id='' starting_damage_unary='0.000000' on_fire='false' start_disabled='false' weak_point='false' ai_breachable='true' indestructible='false' dockable='true' toggleable='false' lite='false' clamp_to_surface='false' cast_shadows='true'/>
			</BUILDING>
			<BUILDING serialise_version='8' building_id='' parent_id='-1' building_key='mtn_cliff_lrg_04' position_type='BBPT_LF_RELATIVE' height_mode='BHM_ABSOLUTE'>
				<transform m00='0.634930' m01='0.000000' m02='0.772570' m10='-0.000000' m11='1.000000' m12='0.000000' m20='-0.772570' m21='-0.000000' m22='0.634930' m30='1621.258301' m31='-194.548050' m32='2225.677490'/>
				<properties serialise_version='4' building_id='' starting_damage_unary='0.000000' on_fire='false' start_disabled='false' weak_point='false' ai_breachable='true' indestructible='false' dockable='true' toggleable='false' lite='false' clamp_to_surface='false' cast_shadows='true'/>
			</BUILDING>
			<BUILDING serialise_version='8' building_id='' parent_id='-1' building_key='mtn_cliff_lrg_04' position_type='BBPT_LF_RELATIVE' height_mode='BHM_ABSOLUTE'>
				<transform m00='0.634930' m01='0.000000' m02='0.772570' m10='-0.000000' m11='1.000000' m12='0.000000' m20='-0.772570' m21='-0.000000' m22='0.634930' m30='1128.026733' m31='-194.548065' m32='2172.894531'/>
				<properties serialise_version='4' building_id='' starting_damage_unary='0.000000' on_fire='false' start_disabled='false' weak_point='false' ai_breachable='true' indestructible='false' dockable='true' toggleable='false' lite='false' clamp_to_surface='false' cast_shadows='true'/>
			</BUILDING>
			<BUILDING serialise_version='8' building_id='' parent_id='-1' building_key='mtn_cliff_lrg_04' position_type='BBPT_LF_RELATIVE' height_mode='BHM_ABSOLUTE'>
				<transform m00='0.634930' m01='0.000000' m02='0.772570' m10='-0.000000' m11='1.000000' m12='0.000000' m20='-0.772570' m21='-0.000000' m22='0.634930' m30='949.525940' m31='-194.547455' m32='1995.169189'/>
				<properties serialise_version='4' building_id='' starting_damage_unary='0.000000' on_fire='false' start_disabled='false' weak_point='false' ai_breachable='true' indestructible='false' dockable='true' toggleable='false' lite='false' clamp_to_surface='false' cast_shadows='true'/>
			</BUILDING>
			<BUILDING serialise_version='8' building_id='' parent_id='-1' building_key='mtn_cliff_lrg_04' position_type='BBPT_LF_RELATIVE' height_mode='BHM_ABSOLUTE'>
				<transform m00='0.634930' m01='0.000000' m02='0.772570' m10='-0.000000' m11='1.000000' m12='0.000000' m20='-0.772570' m21='-0.000000' m22='0.634930' m30='964.087952' m31='-194.548126' m32='2232.538574'/>
				<properties serialise_version='4' building_id='' starting_damage_unary='0.000000' on_fire='false' start_disabled='false' weak_point='false' ai_breachable='true' indestructible='false' dockable='true' toggleable='false' lite='false' clamp_to_surface='false' cast_shadows='true'/>
			</BUILDING>
			<BUILDING serialise_version='8' building_id='' parent_id='-1' building_key='mtn_cliff_lrg_04' position_type='BBPT_LF_RELATIVE' height_mode='BHM_ABSOLUTE'>
				<transform m00='0.634930' m01='0.000000' m02='0.772570' m10='-0.000000' m11='1.000000' m12='0.000000' m20='-0.772570' m21='-0.000000' m22='0.634930' m30='1230.475708' m31='-194.548035' m32='2330.485840'/>
				<properties serialise_version='4' building_id='' starting_damage_unary='0.000000' on_fire='false' start_disabled='false' weak_point='false' ai_breachable='true' indestructible='false' dockable='true' toggleable='false' lite='false' clamp_to_surface='false' cast_shadows='true'/>
			</BUILDING>
			<BUILDING serialise_version='8' building_id='' parent_id='-1' building_key='mtn_cliff_lrg_04' position_type='BBPT_LF_RELATIVE' height_mode='BHM_ABSOLUTE'>
				<transform m00='0.634930' m01='0.000000' m02='0.772570' m10='-0.000000' m11='1.000000' m12='0.000000' m20='-0.772570' m21='-0.000000' m22='0.634930' m30='1367.798218' m31='-194.548050' m32='2403.561279'/>
				<properties serialise_version='4' building_id='' starting_damage_unary='0.000000' on_fire='false' start_disabled='false' weak_point='false' ai_breachable='true' indestructible='false' dockable='true' toggleable='false' lite='false' clamp_to_surface='false' cast_shadows='true'/>
			</BUILDING>
			<BUILDING serialise_version='8' building_id='' parent_id='-1' building_key='mtn_cliff_lrg_04' position_type='BBPT_LF_RELATIVE' height_mode='BHM_ABSOLUTE'>
				<transform m00='0.634930' m01='0.000000' m02='0.772570' m10='-0.000000' m11='1.000000' m12='0.000000' m20='-0.772570' m21='-0.000000' m22='0.634930' m30='1512.177856' m31='-138.244141' m32='2533.106689'/>
				<properties serialise_version='4' building_id='' starting_damage_unary='0.000000' on_fire='false' start_disabled='false' weak_point='false' ai_breachable='true' indestructible='false' dockable='true' toggleable='false' lite='false' clamp_to_surface='false' cast_shadows='true'/>
			</BUILDING>
			<BUILDING serialise_version='8' building_id='' parent_id='-1' building_key='mtn_cliff_lrg_04' position_type='BBPT_LF_RELATIVE' height_mode='BHM_ABSOLUTE'>
				<transform m00='0.634930' m01='0.000000' m02='0.772570' m10='-0.000000' m11='1.000000' m12='0.000000' m20='-0.772570' m21='-0.000000' m22='0.634930' m30='1300.332642' m31='-138.244080' m32='2498.923828'/>
				<properties serialise_version='4' building_id='' starting_damage_unary='0.000000' on_fire='false' start_disabled='false' weak_point='false' ai_breachable='true' indestructible='false' dockable='true' toggleable='false' lite='false' clamp_to_surface='false' cast_shadows='true'/>
			</BUILDING>
			<BUILDING serialise_version='8' building_id='' parent_id='-1' building_key='mtn_cliff_lrg_04' position_type='BBPT_LF_RELATIVE' height_mode='BHM_ABSOLUTE'>
				<transform m00='0.634930' m01='0.000000' m02='0.772570' m10='-0.000000' m11='1.000000' m12='0.000000' m20='-0.772570' m21='-0.000000' m22='0.634930' m30='1089.192627' m31='0.348938' m32='2348.630859'/>
				<properties serialise_version='4' building_id='' starting_damage_unary='0.000000' on_fire='false' start_disabled='false' weak_point='false' ai_breachable='true' indestructible='false' dockable='true' toggleable='false' lite='false' clamp_to_surface='false' cast_shadows='true'/>
			</BUILDING>
			<BUILDING serialise_version='8' building_id='' parent_id='-1' building_key='mtn_cliff_lrg_04' position_type='BBPT_LF_RELATIVE' height_mode='BHM_ABSOLUTE'>
				<transform m00='0.634930' m01='0.000000' m02='0.772570' m10='-0.000000' m11='1.000000' m12='0.000000' m20='-0.772570' m21='-0.000000' m22='0.634930' m30='1202.856323' m31='0.348694' m32='2432.254883'/>
				<properties serialise_version='4' building_id='' starting_damage_unary='0.000000' on_fire='false' start_disabled='false' weak_point='false' ai_breachable='true' indestructible='false' dockable='true' toggleable='false' lite='false' clamp_to_surface='false' cast_shadows='true'/>
			</BUILDING>
			<BUILDING serialise_version='8' building_id='' parent_id='-1' building_key='mtn_cliff_lrg_04' position_type='BBPT_LF_RELATIVE' height_mode='BHM_ABSOLUTE'>
				<transform m00='0.799056' m01='0.000000' m02='-0.601256' m10='0.000000' m11='1.000000' m12='0.000000' m20='0.601256' m21='0.000000' m22='0.799056' m30='861.935059' m31='-69.241333' m32='1940.789551'/>
				<properties serialise_version='4' building_id='' starting_damage_unary='0.000000' on_fire='false' start_disabled='false' weak_point='false' ai_breachable='true' indestructible='false' dockable='true' toggleable='false' lite='false' clamp_to_surface='false' cast_shadows='true'/>
			</BUILDING>
			<BUILDING serialise_version='8' building_id='' parent_id='-1' building_key='mtn_cliff_lrg_04' position_type='BBPT_LF_RELATIVE' height_mode='BHM_ABSOLUTE'>
				<transform m00='0.799056' m01='0.000000' m02='-0.601256' m10='0.000000' m11='1.000000' m12='0.000000' m20='0.601256' m21='0.000000' m22='0.799056' m30='688.329041' m31='-160.813202' m32='1887.216064'/>
				<properties serialise_version='4' building_id='' starting_damage_unary='0.000000' on_fire='false' start_disabled='false' weak_point='false' ai_breachable='true' indestructible='false' dockable='true' toggleable='false' lite='false' clamp_to_surface='false' cast_shadows='true'/>
			</BUILDING>
			<BUILDING serialise_version='8' building_id='' parent_id='-1' building_key='mtn_cliff_lrg_04' position_type='BBPT_LF_RELATIVE' height_mode='BHM_ABSOLUTE'>
				<transform m00='0.799056' m01='0.000000' m02='-0.601256' m10='0.000000' m11='1.000000' m12='0.000000' m20='0.601256' m21='0.000000' m22='0.799056' m30='514.107605' m31='-160.813232' m32='1684.770874'/>
				<properties serialise_version='4' building_id='' starting_damage_unary='0.000000' on_fire='false' start_disabled='false' weak_point='false' ai_breachable='true' indestructible='false' dockable='true' toggleable='false' lite='false' clamp_to_surface='false' cast_shadows='true'/>
			</BUILDING>
			<BUILDING serialise_version='8' building_id='' parent_id='-1' building_key='mtn_cliff_lrg_04' position_type='BBPT_LF_RELATIVE' height_mode='BHM_ABSOLUTE'>
				<transform m00='0.616351' m01='0.000000' m02='0.787471' m10='-0.000000' m11='1.000000' m12='0.000000' m20='-0.787471' m21='-0.000000' m22='0.616351' m30='591.608032' m31='-160.813232' m32='1441.155273'/>
				<properties serialise_version='4' building_id='' starting_damage_unary='0.000000' on_fire='false' start_disabled='false' weak_point='false' ai_breachable='true' indestructible='false' dockable='true' toggleable='false' lite='false' clamp_to_surface='false' cast_shadows='true'/>
			</BUILDING>
			<BUILDING serialise_version='8' building_id='' parent_id='-1' building_key='mtn_cliff_lrg_04' position_type='BBPT_LF_RELATIVE' height_mode='BHM_ABSOLUTE'>
				<transform m00='0.616351' m01='0.000000' m02='0.787471' m10='-0.000000' m11='1.000000' m12='0.000000' m20='-0.787471' m21='-0.000000' m22='0.616351' m30='707.281738' m31='-160.813232' m32='1244.153198'/>
				<properties serialise_version='4' building_id='' starting_damage_unary='0.000000' on_fire='false' start_disabled='false' weak_point='false' ai_breachable='true' indestructible='false' dockable='true' toggleable='false' lite='false' clamp_to_surface='false' cast_shadows='true'/>
			</BUILDING>
			<BUILDING serialise_version='8' building_id='' parent_id='-1' building_key='mtn_cliff_lrg_04' position_type='BBPT_LF_RELATIVE' height_mode='BHM_ABSOLUTE'>
				<transform m00='0.616351' m01='0.000000' m02='0.787471' m10='-0.000000' m11='1.000000' m12='0.000000' m20='-0.787471' m21='-0.000000' m22='0.616351' m30='655.481995' m31='-160.813232' m32='1361.754761'/>
				<properties serialise_version='4' building_id='' starting_damage_unary='0.000000' on_fire='false' start_disabled='false' weak_point='false' ai_breachable='true' indestructible='false' dockable='true' toggleable='false' lite='false' clamp_to_surface='false' cast_shadows='true'/>
			</BUILDING>
			<BUILDING serialise_version='8' building_id='' parent_id='-1' building_key='mtn_cliff_lrg_04' position_type='BBPT_LF_RELATIVE' height_mode='BHM_ABSOLUTE'>
				<transform m00='0.616351' m01='0.000000' m02='0.787471' m10='-0.000000' m11='1.000000' m12='0.000000' m20='-0.787471' m21='-0.000000' m22='0.616351' m30='875.996765' m31='-117.225647' m32='1859.288330'/>
				<properties serialise_version='4' building_id='' starting_damage_unary='0.000000' on_fire='false' start_disabled='false' weak_point='false' ai_breachable='true' indestructible='false' dockable='true' toggleable='false' lite='false' clamp_to_surface='false' cast_shadows='true'/>
			</BUILDING>
			<BUILDING serialise_version='8' building_id='' parent_id='-1' building_key='mtn_cliff_lrg_04' position_type='BBPT_LF_RELATIVE' height_mode='BHM_ABSOLUTE'>
				<transform m00='0.616351' m01='0.000000' m02='0.787471' m10='-0.000000' m11='1.000000' m12='0.000000' m20='-0.787471' m21='-0.000000' m22='0.616351' m30='633.782959' m31='-117.225548' m32='1813.720947'/>
				<properties serialise_version='4' building_id='' starting_damage_unary='0.000000' on_fire='false' start_disabled='false' weak_point='false' ai_breachable='true' indestructible='false' dockable='true' toggleable='false' lite='false' clamp_to_surface='false' cast_shadows='true'/>
			</BUILDING>
			<BUILDING serialise_version='8' building_id='' parent_id='-1' building_key='mtn_cliff_lrg_04' position_type='BBPT_LF_RELATIVE' height_mode='BHM_ABSOLUTE'>
				<transform m00='0.616351' m01='0.000000' m02='0.787471' m10='-0.000000' m11='1.000000' m12='0.000000' m20='-0.787471' m21='-0.000000' m22='0.616351' m30='707.886841' m31='-37.953545' m32='1917.347290'/>
				<properties serialise_version='4' building_id='' starting_damage_unary='0.000000' on_fire='false' start_disabled='false' weak_point='false' ai_breachable='true' indestructible='false' dockable='true' toggleable='false' lite='false' clamp_to_surface='false' cast_shadows='true'/>
			</BUILDING>
			<BUILDING serialise_version='8' building_id='' parent_id='-1' building_key='mtn_cliff_lrg_04' position_type='BBPT_LF_RELATIVE' height_mode='BHM_ABSOLUTE'>
				<transform m00='0.616351' m01='0.000000' m02='0.787471' m10='-0.000000' m11='1.000000' m12='0.000000' m20='-0.787471' m21='-0.000000' m22='0.616351' m30='927.123718' m31='-37.953545' m32='2114.526123'/>
				<properties serialise_version='4' building_id='' starting_damage_unary='0.000000' on_fire='false' start_disabled='false' weak_point='false' ai_breachable='true' indestructible='false' dockable='true' toggleable='false' lite='false' clamp_to_surface='false' cast_shadows='true'/>
			</BUILDING>
			<BUILDING serialise_version='8' building_id='' parent_id='-1' building_key='mtn_cliff_lrg_04' position_type='BBPT_LF_RELATIVE' height_mode='BHM_ABSOLUTE'>
				<transform m00='0.616351' m01='0.000000' m02='0.787471' m10='-0.000000' m11='1.000000' m12='0.000000' m20='-0.787471' m21='-0.000000' m22='0.616351' m30='707.578186' m31='-136.560181' m32='1034.885376'/>
				<properties serialise_version='4' building_id='' starting_damage_unary='0.000000' on_fire='false' start_disabled='false' weak_point='false' ai_breachable='true' indestructible='false' dockable='true' toggleable='false' lite='false' clamp_to_surface='false' cast_shadows='true'/>
			</BUILDING>
			<BUILDING serialise_version='8' building_id='' parent_id='-1' building_key='mtn_cliff_lrg_04' position_type='BBPT_LF_RELATIVE' height_mode='BHM_ABSOLUTE'>
				<transform m00='0.616351' m01='0.000000' m02='0.787471' m10='-0.000000' m11='1.000000' m12='0.000000' m20='-0.787471' m21='-0.000000' m22='0.616351' m30='777.980774' m31='-233.264175' m32='911.830261'/>
				<properties serialise_version='4' building_id='' starting_damage_unary='0.000000' on_fire='false' start_disabled='false' weak_point='false' ai_breachable='true' indestructible='false' dockable='true' toggleable='false' lite='false' clamp_to_surface='false' cast_shadows='true'/>
			</BUILDING>
			<BUILDING serialise_version='8' building_id='' parent_id='-1' building_key='mtn_cliff_lrg_04' position_type='BBPT_LF_RELATIVE' height_mode='BHM_ABSOLUTE'>
				<transform m00='0.616351' m01='0.000000' m02='0.787471' m10='-0.000000' m11='1.000000' m12='0.000000' m20='-0.787471' m21='-0.000000' m22='0.616351' m30='613.387695' m31='-136.560242' m32='864.935181'/>
				<properties serialise_version='4' building_id='' starting_damage_unary='0.000000' on_fire='false' start_disabled='false' weak_point='false' ai_breachable='true' indestructible='false' dockable='true' toggleable='false' lite='false' clamp_to_surface='false' cast_shadows='true'/>
			</BUILDING>
			<BUILDING serialise_version='8' building_id='' parent_id='-1' building_key='mtn_cliff_lrg_04' position_type='BBPT_LF_RELATIVE' height_mode='BHM_ABSOLUTE'>
				<transform m00='0.616351' m01='0.000000' m02='0.787471' m10='-0.000000' m11='1.000000' m12='0.000000' m20='-0.787471' m21='-0.000000' m22='0.616351' m30='1457.874634' m31='-172.354126' m32='1045.647583'/>
				<properties serialise_version='4' building_id='' starting_damage_unary='0.000000' on_fire='false' start_disabled='false' weak_point='false' ai_breachable='true' indestructible='false' dockable='true' toggleable='false' lite='false' clamp_to_surface='false' cast_shadows='true'/>
			</BUILDING>
			<BUILDING serialise_version='8' building_id='' parent_id='-1' building_key='mtn_cliff_lrg_04' position_type='BBPT_LF_RELATIVE' height_mode='BHM_ABSOLUTE'>
				<transform m00='-0.336899' m01='0.000000' m02='0.941541' m10='-0.000000' m11='1.000000' m12='0.000000' m20='-0.941541' m21='-0.000000' m22='-0.336899' m30='1334.907593' m31='-193.864563' m32='888.540894'/>
				<properties serialise_version='4' building_id='' starting_damage_unary='0.000000' on_fire='false' start_disabled='false' weak_point='false' ai_breachable='true' indestructible='false' dockable='true' toggleable='false' lite='false' clamp_to_surface='false' cast_shadows='true'/>
			</BUILDING>
			<BUILDING serialise_version='8' building_id='' parent_id='-1' building_key='mtn_cliff_lrg_04' position_type='BBPT_LF_RELATIVE' height_mode='BHM_ABSOLUTE'>
				<transform m00='-0.336899' m01='0.000000' m02='0.941541' m10='-0.000000' m11='1.000000' m12='0.000000' m20='-0.941541' m21='-0.000000' m22='-0.336899' m30='992.614563' m31='-226.252197' m32='718.362854'/>
				<properties serialise_version='4' building_id='' starting_damage_unary='0.000000' on_fire='false' start_disabled='false' weak_point='false' ai_breachable='true' indestructible='false' dockable='true' toggleable='false' lite='false' clamp_to_surface='false' cast_shadows='true'/>
			</BUILDING>
			<BUILDING serialise_version='8' building_id='' parent_id='-1' building_key='mtn_cliff_lrg_04' position_type='BBPT_LF_RELATIVE' height_mode='BHM_ABSOLUTE'>
				<transform m00='-0.336899' m01='0.000000' m02='0.941541' m10='-0.000000' m11='1.000000' m12='0.000000' m20='-0.941541' m21='-0.000000' m22='-0.336899' m30='906.037903' m31='-283.547180' m32='585.958435'/>
				<properties serialise_version='4' building_id='' starting_damage_unary='0.000000' on_fire='false' start_disabled='false' weak_point='false' ai_breachable='true' indestructible='false' dockable='true' toggleable='false' lite='false' clamp_to_surface='false' cast_shadows='true'/>
			</BUILDING>
