<BATTLE_MAP_DEFINITION_DATA serialise_version='24'>
	<BATTLEFIELD_BUILDING_LIST serialise_version='1'>
		<BUILDINGS>
			<BUILDING serialise_version='8' building_id='' parent_id='-1' building_key='chs_battle_props_wheel_iron_standinga' position_type='BBPT_LF_RELATIVE' height_mode='BHM_ABSOLUTE'>
				<transform m00='-0.000007' m01='-0.999429' m02='0.033774' m10='0.000007' m11='0.033774' m12='0.999429' m20='-1.000000' m21='0.000007' m22='0.000007' m30='856.190735' m31='30.711330' m32='1067.408813'/>
				<properties serialise_version='4' building_id='' starting_damage_unary='0.000000' on_fire='false' start_disabled='false' weak_point='false' ai_breachable='true' indestructible='false' dockable='true' toggleable='false' lite='false' clamp_to_surface='false' cast_shadows='true'/>
			</BUILDING>
			<BUILDING serialise_version='8' building_id='' parent_id='-1' building_key='chs_battle_props_wheel_iron_standinga' position_type='BBPT_LF_RELATIVE' height_mode='BHM_ABSOLUTE'>
				<transform m00='-0.000783' m01='-0.067454' m02='0.997722' m10='0.023200' m11='0.997453' m12='0.067454' m20='-0.999730' m21='0.023200' m22='0.000784' m30='924.747864' m31='28.788465' m32='1152.022583'/>
				<properties serialise_version='4' building_id='' starting_damage_unary='0.000000' on_fire='false' start_disabled='false' weak_point='false' ai_breachable='true' indestructible='false' dockable='true' toggleable='false' lite='false' clamp_to_surface='false' cast_shadows='true'/>
			</BUILDING>
			<BUILDING serialise_version='8' building_id='' parent_id='-1' building_key='chs_battle_props_wheel_iron_standinga' position_type='BBPT_LF_RELATIVE' height_mode='BHM_ABSOLUTE'>
				<transform m00='0.001692' m01='0.022387' m02='0.999748' m10='0.150351' m11='0.988379' m12='-0.022387' m20='-0.988632' m21='0.150351' m22='-0.001693' m30='924.910095' m31='47.799095' m32='942.206482'/>
				<properties serialise_version='4' building_id='' starting_damage_unary='0.000000' on_fire='false' start_disabled='false' weak_point='false' ai_breachable='true' indestructible='false' dockable='true' toggleable='false' lite='false' clamp_to_surface='false' cast_shadows='true'/>
			</BUILDING>
			<BUILDING serialise_version='8' building_id='' parent_id='-1' building_key='chs_battle_props_wheel_iron_standinga' position_type='BBPT_LF_RELATIVE' height_mode='BHM_ABSOLUTE'>
				<transform m00='0.000541' m01='0.040682' m02='0.999172' m10='0.026577' m11='0.998819' m12='-0.040682' m20='-0.999647' m21='0.026577' m22='-0.000541' m30='858.717041' m31='47.297928' m32='833.881531'/>
				<properties serialise_version='4' building_id='' starting_damage_unary='0.000000' on_fire='false' start_disabled='false' weak_point='false' ai_breachable='true' indestructible='false' dockable='true' toggleable='false' lite='false' clamp_to_surface='false' cast_shadows='true'/>
			</BUILDING>
			<BUILDING serialise_version='8' building_id='' parent_id='-1' building_key='chs_battle_props_wheel_iron_standinga' position_type='BBPT_LF_RELATIVE' height_mode='BHM_ABSOLUTE'>
				<transform m00='-0.996246' m01='-0.069577' m02='0.051508' m10='-0.068426' m11='0.997372' m12='0.023799' m20='-0.053028' m21='0.020185' m22='-0.998389' m30='1032.717529' m31='47.609978' m32='853.580688'/>
				<properties serialise_version='4' building_id='' starting_damage_unary='0.000000' on_fire='false' start_disabled='false' weak_point='false' ai_breachable='true' indestructible='false' dockable='true' toggleable='false' lite='false' clamp_to_surface='false' cast_shadows='true'/>
			</BUILDING>
			<BUILDING serialise_version='8' building_id='' parent_id='-1' building_key='chs_battle_props_wheel_iron_standinga' position_type='BBPT_LF_RELATIVE' height_mode='BHM_ABSOLUTE'>
				<transform m00='-0.003761' m01='-0.284983' m02='-0.958525' m10='0.025846' m11='0.958184' m12='-0.284983' m20='0.999659' m21='-0.025846' m22='0.003762' m30='1215.664185' m31='59.931393' m32='824.510498'/>
				<properties serialise_version='4' building_id='' starting_damage_unary='0.000000' on_fire='false' start_disabled='false' weak_point='false' ai_breachable='true' indestructible='false' dockable='true' toggleable='false' lite='false' clamp_to_surface='false' cast_shadows='true'/>
			</BUILDING>
			<BUILDING serialise_version='8' building_id='' parent_id='-1' building_key='chs_battle_props_wheel_iron_standinga' position_type='BBPT_LF_RELATIVE' height_mode='BHM_ABSOLUTE'>
				<transform m00='-0.004050' m01='-0.297801' m02='-0.954619' m10='0.026579' m11='0.954258' m12='-0.297801' m20='0.999638' m21='-0.026579' m22='0.004050' m30='1150.939819' m31='55.144207' m32='806.194580'/>
				<properties serialise_version='4' building_id='' starting_damage_unary='0.000000' on_fire='false' start_disabled='false' weak_point='false' ai_breachable='true' indestructible='false' dockable='true' toggleable='false' lite='false' clamp_to_surface='false' cast_shadows='true'/>
			</BUILDING>
			<BUILDING serialise_version='8' building_id='' parent_id='-1' building_key='chs_battle_props_wheel_iron_standinga' position_type='BBPT_LF_RELATIVE' height_mode='BHM_ABSOLUTE'>
				<transform m00='0.975203' m01='0.221304' m02='0.001719' m10='-0.221304' m11='0.975084' m12='0.015339' m20='0.001719' m21='-0.015339' m22='0.999881' m30='974.194153' m31='19.933807' m32='705.114868'/>
				<properties serialise_version='4' building_id='' starting_damage_unary='0.000000' on_fire='false' start_disabled='false' weak_point='false' ai_breachable='true' indestructible='false' dockable='true' toggleable='false' lite='false' clamp_to_surface='false' cast_shadows='true'/>
			</BUILDING>
			<BUILDING serialise_version='8' building_id='' parent_id='-1' building_key='chs_battle_props_wheel_iron_standinga' position_type='BBPT_LF_RELATIVE' height_mode='BHM_ABSOLUTE'>
				<transform m00='0.979522' m01='-0.201323' m02='0.002430' m10='0.201323' m11='0.979234' m12='-0.023888' m20='0.002430' m21='0.023888' m22='0.999712' m30='832.945496' m31='13.524696' m32='769.049500'/>
				<properties serialise_version='4' building_id='' starting_damage_unary='0.000000' on_fire='false' start_disabled='false' weak_point='false' ai_breachable='true' indestructible='false' dockable='true' toggleable='false' lite='false' clamp_to_surface='false' cast_shadows='true'/>
			</BUILDING>
			<BUILDING serialise_version='8' building_id='' parent_id='-1' building_key='chs_battle_props_wheel_iron_standinga' position_type='BBPT_LF_RELATIVE' height_mode='BHM_ABSOLUTE'>
				<transform m00='0.000352' m01='0.027268' m02='0.999628' m10='0.025837' m11='0.999294' m12='-0.027268' m20='-0.999666' m21='0.025837' m22='-0.000353' m30='711.074890' m31='11.644863' m32='872.747192'/>
				<properties serialise_version='4' building_id='' starting_damage_unary='0.000000' on_fire='false' start_disabled='false' weak_point='false' ai_breachable='true' indestructible='false' dockable='true' toggleable='false' lite='false' clamp_to_surface='false' cast_shadows='true'/>
			</BUILDING>
			<BUILDING serialise_version='8' building_id='' parent_id='-1' building_key='chs_battle_props_wheel_iron_standinga' position_type='BBPT_LF_RELATIVE' height_mode='BHM_ABSOLUTE'>
				<transform m00='0.000343' m01='0.030850' m02='0.999524' m10='0.022216' m11='0.999277' m12='-0.030850' m20='-0.999753' m21='0.022216' m22='-0.000343' m30='776.421875' m31='12.612191' m32='946.215759'/>
				<properties serialise_version='4' building_id='' starting_damage_unary='0.000000' on_fire='false' start_disabled='false' weak_point='false' ai_breachable='true' indestructible='false' dockable='true' toggleable='false' lite='false' clamp_to_surface='false' cast_shadows='true'/>
			</BUILDING>
			<BUILDING serialise_version='8' building_id='' parent_id='-1' building_key='chs_battle_props_wheel_iron_standinga' position_type='BBPT_LF_RELATIVE' height_mode='BHM_ABSOLUTE'>
				<transform m00='-0.999171' m01='-0.040683' m02='0.000541' m10='-0.040683' m11='0.998819' m12='-0.026578' m20='0.000541' m21='-0.026578' m22='-0.999646' m30='665.401794' m31='13.363044' m32='1056.962524'/>
				<properties serialise_version='4' building_id='' starting_damage_unary='0.000000' on_fire='false' start_disabled='false' weak_point='false' ai_breachable='true' indestructible='false' dockable='true' toggleable='false' lite='false' clamp_to_surface='false' cast_shadows='true'/>
			</BUILDING>
			<BUILDING serialise_version='8' building_id='' parent_id='-1' building_key='chs_pillar_03' position_type='BBPT_LF_RELATIVE' height_mode='BHM_ABSOLUTE'>
				<transform m00='-1.000000' m01='0.000000' m02='0.000001' m10='-0.000000' m11='1.000000' m12='0.000000' m20='-0.000001' m21='-0.000000' m22='-1.000000' m30='894.881775' m31='46.340027' m32='814.377747'/>
				<properties serialise_version='4' building_id='' starting_damage_unary='0.000000' on_fire='false' start_disabled='false' weak_point='false' ai_breachable='true' indestructible='false' dockable='true' toggleable='false' lite='false' clamp_to_surface='false' cast_shadows='true'/>
			</BUILDING>
			<BUILDING serialise_version='8' building_id='' parent_id='-1' building_key='chs_pillar_03' position_type='BBPT_LF_RELATIVE' height_mode='BHM_ABSOLUTE'>
				<transform m00='-1.000000' m01='0.000000' m02='0.000001' m10='-0.000000' m11='1.000000' m12='0.000000' m20='-0.000001' m21='-0.000000' m22='-1.000000' m30='897.277466' m31='46.340027' m32='807.229187'/>
				<properties serialise_version='4' building_id='' starting_damage_unary='0.000000' on_fire='false' start_disabled='false' weak_point='false' ai_breachable='true' indestructible='false' dockable='true' toggleable='false' lite='false' clamp_to_surface='false' cast_shadows='true'/>
			</BUILDING>
			<BUILDING serialise_version='8' building_id='' parent_id='-1' building_key='chs_pillar_03' position_type='BBPT_LF_RELATIVE' height_mode='BHM_ABSOLUTE'>
				<transform m00='-0.139173' m01='0.000000' m02='-0.990268' m10='0.000000' m11='1.000000' m12='0.000000' m20='0.990268' m21='0.000000' m22='-0.139173' m30='884.639404' m31='46.340027' m32='814.559326'/>
				<properties serialise_version='4' building_id='' starting_damage_unary='0.000000' on_fire='false' start_disabled='false' weak_point='false' ai_breachable='true' indestructible='false' dockable='true' toggleable='false' lite='false' clamp_to_surface='false' cast_shadows='true'/>
			</BUILDING>
			<BUILDING serialise_version='8' building_id='' parent_id='-1' building_key='chs_pillar_03' position_type='BBPT_LF_RELATIVE' height_mode='BHM_ABSOLUTE'>
				<transform m00='0.992546' m01='0.000000' m02='-0.121869' m10='0.000000' m11='1.000000' m12='0.000000' m20='0.121869' m21='0.000000' m22='0.992546' m30='882.819824' m31='46.340027' m32='807.097412'/>
				<properties serialise_version='4' building_id='' starting_damage_unary='0.000000' on_fire='false' start_disabled='false' weak_point='false' ai_breachable='true' indestructible='false' dockable='true' toggleable='false' lite='false' clamp_to_surface='false' cast_shadows='true'/>
			</BUILDING>
			<BUILDING serialise_version='8' building_id='' parent_id='-1' building_key='chs_pillar_03' position_type='BBPT_LF_RELATIVE' height_mode='BHM_ABSOLUTE'>
				<transform m00='0.052336' m01='0.000000' m02='0.998629' m10='-0.000000' m11='1.000000' m12='0.000000' m20='-0.998629' m21='-0.000000' m22='0.052336' m30='889.440002' m31='46.340031' m32='799.925659'/>
				<properties serialise_version='4' building_id='' starting_damage_unary='0.000000' on_fire='false' start_disabled='false' weak_point='false' ai_breachable='true' indestructible='false' dockable='true' toggleable='false' lite='false' clamp_to_surface='false' cast_shadows='true'/>
			</BUILDING>
			<BUILDING serialise_version='8' building_id='' parent_id='-1' building_key='chs_battle_props_wheel_iron_standingb' position_type='BBPT_LF_RELATIVE' height_mode='BHM_ABSOLUTE'>
				<transform m00='1.000000' m01='0.000000' m02='0.000000' m10='0.000000' m11='1.000000' m12='0.000000' m20='0.000000' m21='0.000000' m22='1.000000' m30='890.160828' m31='57.728519' m32='782.095276'/>
				<properties serialise_version='4' building_id='' starting_damage_unary='0.000000' on_fire='false' start_disabled='false' weak_point='false' ai_breachable='true' indestructible='false' dockable='true' toggleable='false' lite='false' clamp_to_surface='false' cast_shadows='true'/>
			</BUILDING>
			<BUILDING serialise_version='8' building_id='' parent_id='-1' building_key='chs_battle_props_wheel_iron_standinga' position_type='BBPT_LF_RELATIVE' height_mode='BHM_ABSOLUTE'>
				<transform m00='1.000000' m01='0.000000' m02='0.000000' m10='0.000000' m11='1.000000' m12='0.000000' m20='0.000000' m21='0.000000' m22='1.000000' m30='872.661255' m31='46.340042' m32='782.020508'/>
				<properties serialise_version='4' building_id='' starting_damage_unary='0.000000' on_fire='false' start_disabled='false' weak_point='false' ai_breachable='true' indestructible='false' dockable='true' toggleable='false' lite='false' clamp_to_surface='false' cast_shadows='true'/>
			</BUILDING>
			<BUILDING serialise_version='8' building_id='' parent_id='-1' building_key='chs_battle_props_wheel_iron_standinga' position_type='BBPT_LF_RELATIVE' height_mode='BHM_ABSOLUTE'>
				<transform m00='1.000000' m01='0.000000' m02='0.000000' m10='0.000000' m11='1.000000' m12='0.000000' m20='0.000000' m21='0.000000' m22='1.000000' m30='908.092834' m31='46.340042' m32='782.020508'/>
				<properties serialise_version='4' building_id='' starting_damage_unary='0.000000' on_fire='false' start_disabled='false' weak_point='false' ai_breachable='true' indestructible='false' dockable='true' toggleable='false' lite='false' clamp_to_surface='false' cast_shadows='true'/>
			</BUILDING>
			<BUILDING serialise_version='8' building_id='' parent_id='-1' building_key='chs_gate_01' position_type='BBPT_LF_RELATIVE' height_mode='BHM_ABSOLUTE'>
				<transform m00='1.000000' m01='0.000000' m02='0.000000' m10='0.000000' m11='0.000000' m12='1.000000' m20='0.000000' m21='-1.000000' m22='0.000000' m30='890.247925' m31='45.938049' m32='808.096619'/>
				<properties serialise_version='4' building_id='' starting_damage_unary='0.000000' on_fire='false' start_disabled='false' weak_point='false' ai_breachable='true' indestructible='false' dockable='true' toggleable='false' lite='false' clamp_to_surface='false' cast_shadows='true'/>
			</BUILDING>
			<BUILDING serialise_version='8' building_id='' parent_id='-1' building_key='chs_obelisk_01' position_type='BBPT_LF_RELATIVE' height_mode='BHM_ABSOLUTE'>
				<transform m00='-0.998629' m01='0.000000' m02='0.052336' m10='-0.000000' m11='1.000000' m12='0.000000' m20='-0.052336' m21='-0.000000' m22='-0.998629' m30='592.858582' m31='6.087999' m32='1045.211426'/>
				<properties serialise_version='4' building_id='' starting_damage_unary='0.000000' on_fire='false' start_disabled='false' weak_point='false' ai_breachable='true' indestructible='false' dockable='true' toggleable='false' lite='false' clamp_to_surface='false' cast_shadows='true'/>
			</BUILDING>
			<BUILDING serialise_version='8' building_id='' parent_id='-1' building_key='chs_obelisk_01' position_type='BBPT_LF_RELATIVE' height_mode='BHM_ABSOLUTE'>
				<transform m00='-0.998629' m01='0.000000' m02='0.052336' m10='-0.000000' m11='1.000000' m12='0.000000' m20='-0.052336' m21='-0.000000' m22='-0.998629' m30='592.858582' m31='6.088000' m32='1007.426758'/>
				<properties serialise_version='4' building_id='' starting_damage_unary='0.000000' on_fire='false' start_disabled='false' weak_point='false' ai_breachable='true' indestructible='false' dockable='true' toggleable='false' lite='false' clamp_to_surface='false' cast_shadows='true'/>
			</BUILDING>
			<BUILDING serialise_version='8' building_id='' parent_id='-1' building_key='chs_obelisk_01' position_type='BBPT_LF_RELATIVE' height_mode='BHM_ABSOLUTE'>
				<transform m00='-0.998629' m01='0.000000' m02='0.052336' m10='-0.000000' m11='1.000000' m12='0.000000' m20='-0.052336' m21='-0.000000' m22='-0.998629' m30='611.646667' m31='6.088000' m32='1007.426758'/>
				<properties serialise_version='4' building_id='' starting_damage_unary='0.000000' on_fire='false' start_disabled='false' weak_point='false' ai_breachable='true' indestructible='false' dockable='true' toggleable='false' lite='false' clamp_to_surface='false' cast_shadows='true'/>
			</BUILDING>
			<BUILDING serialise_version='8' building_id='' parent_id='-1' building_key='chs_obelisk_01' position_type='BBPT_LF_RELATIVE' height_mode='BHM_ABSOLUTE'>
				<transform m00='-0.998629' m01='0.000000' m02='0.052336' m10='-0.000000' m11='1.000000' m12='0.000000' m20='-0.052336' m21='-0.000000' m22='-0.998629' m30='611.646667' m31='6.087999' m32='1045.211426'/>
				<properties serialise_version='4' building_id='' starting_damage_unary='0.000000' on_fire='false' start_disabled='false' weak_point='false' ai_breachable='true' indestructible='false' dockable='true' toggleable='false' lite='false' clamp_to_surface='false' cast_shadows='true'/>
			</BUILDING>
			<BUILDING serialise_version='8' building_id='' parent_id='-1' building_key='chs_standing_03' position_type='BBPT_LF_RELATIVE' height_mode='BHM_ABSOLUTE'>
				<transform m00='1.000000' m01='0.000000' m02='0.000000' m10='0.000000' m11='1.000000' m12='0.000000' m20='0.000000' m21='0.000000' m22='1.000000' m30='618.969604' m31='6.088001' m32='1032.758301'/>
				<properties serialise_version='4' building_id='' starting_damage_unary='0.000000' on_fire='false' start_disabled='false' weak_point='false' ai_breachable='true' indestructible='false' dockable='true' toggleable='false' lite='false' clamp_to_surface='false' cast_shadows='true'/>
			</BUILDING>
			<BUILDING serialise_version='8' building_id='' parent_id='-1' building_key='chs_standing_03' position_type='BBPT_LF_RELATIVE' height_mode='BHM_ABSOLUTE'>
				<transform m00='-0.000000' m01='0.000000' m02='1.000000' m10='-0.000000' m11='1.000000' m12='0.000000' m20='-1.000000' m21='-0.000000' m22='-0.000000' m30='620.612061' m31='6.088001' m32='1019.871277'/>
				<properties serialise_version='4' building_id='' starting_damage_unary='0.000000' on_fire='false' start_disabled='false' weak_point='false' ai_breachable='true' indestructible='false' dockable='true' toggleable='false' lite='false' clamp_to_surface='false' cast_shadows='true'/>
			</BUILDING>
			<BUILDING serialise_version='8' building_id='' parent_id='-1' building_key='chs_standing_02' position_type='BBPT_LF_RELATIVE' height_mode='BHM_ABSOLUTE'>
				<transform m00='0.000001' m01='0.000000' m02='1.000000' m10='-0.000000' m11='1.000000' m12='0.000000' m20='-1.000000' m21='-0.000000' m22='0.000001' m30='613.158997' m31='6.088001' m32='1019.728638'/>
				<properties serialise_version='4' building_id='' starting_damage_unary='0.000000' on_fire='false' start_disabled='false' weak_point='false' ai_breachable='true' indestructible='false' dockable='true' toggleable='false' lite='false' clamp_to_surface='false' cast_shadows='true'/>
			</BUILDING>
			<BUILDING serialise_version='8' building_id='' parent_id='-1' building_key='chs_standing_02' position_type='BBPT_LF_RELATIVE' height_mode='BHM_ABSOLUTE'>
				<transform m00='-0.000000' m01='0.000000' m02='-1.000000' m10='0.000000' m11='1.000000' m12='0.000000' m20='1.000000' m21='0.000000' m22='-0.000000' m30='610.522461' m31='6.088001' m32='1032.671143'/>
				<properties serialise_version='4' building_id='' starting_damage_unary='0.000000' on_fire='false' start_disabled='false' weak_point='false' ai_breachable='true' indestructible='false' dockable='true' toggleable='false' lite='false' clamp_to_surface='false' cast_shadows='true'/>
			</BUILDING>
			<BUILDING serialise_version='8' building_id='' parent_id='-1' building_key='chs_standing_02' position_type='BBPT_LF_RELATIVE' height_mode='BHM_ABSOLUTE'>
				<transform m00='-0.017452' m01='0.000000' m02='-0.999848' m10='0.000000' m11='1.000000' m12='0.000000' m20='0.999848' m21='0.000000' m22='-0.017452' m30='601.300110' m31='6.088001' m32='1032.626221'/>
				<properties serialise_version='4' building_id='' starting_damage_unary='0.000000' on_fire='false' start_disabled='false' weak_point='false' ai_breachable='true' indestructible='false' dockable='true' toggleable='false' lite='false' clamp_to_surface='false' cast_shadows='true'/>
			</BUILDING>
			<BUILDING serialise_version='8' building_id='' parent_id='-1' building_key='chs_standing_02' position_type='BBPT_LF_RELATIVE' height_mode='BHM_ABSOLUTE'>
				<transform m00='0.017451' m01='0.000000' m02='-0.999848' m10='0.000000' m11='1.000000' m12='0.000000' m20='0.999848' m21='0.000000' m22='0.017451' m30='601.369324' m31='16.314531' m32='1032.748901'/>
				<properties serialise_version='4' building_id='' starting_damage_unary='0.000000' on_fire='false' start_disabled='false' weak_point='false' ai_breachable='true' indestructible='false' dockable='true' toggleable='false' lite='false' clamp_to_surface='false' cast_shadows='true'/>
			</BUILDING>
			<BUILDING serialise_version='8' building_id='' parent_id='-1' building_key='chs_standing_02' position_type='BBPT_LF_RELATIVE' height_mode='BHM_ABSOLUTE'>
				<transform m00='-0.000000' m01='0.000000' m02='1.000000' m10='-0.000000' m11='1.000000' m12='0.000000' m20='-1.000000' m21='-0.000000' m22='-0.000000' m30='601.369324' m31='16.314531' m32='1019.984436'/>
				<properties serialise_version='4' building_id='' starting_damage_unary='0.000000' on_fire='false' start_disabled='false' weak_point='false' ai_breachable='true' indestructible='false' dockable='true' toggleable='false' lite='false' clamp_to_surface='false' cast_shadows='true'/>
			</BUILDING>
			<BUILDING serialise_version='8' building_id='' parent_id='-1' building_key='chs_standing_02' position_type='BBPT_LF_RELATIVE' height_mode='BHM_ABSOLUTE'>
				<transform m00='-0.000000' m01='0.000000' m02='1.000000' m10='-0.000000' m11='1.000000' m12='0.000000' m20='-1.000000' m21='-0.000000' m22='-0.000000' m30='601.300110' m31='6.088002' m32='1020.083191'/>
				<properties serialise_version='4' building_id='' starting_damage_unary='0.000000' on_fire='false' start_disabled='false' weak_point='false' ai_breachable='true' indestructible='false' dockable='true' toggleable='false' lite='false' clamp_to_surface='false' cast_shadows='true'/>
			</BUILDING>
			<BUILDING serialise_version='8' building_id='' parent_id='-1' building_key='grn_cliff_of_b' position_type='BBPT_LF_RELATIVE' height_mode='BHM_ABSOLUTE'>
				<transform m00='-0.998629' m01='0.000000' m02='0.052336' m10='-0.000000' m11='1.000000' m12='0.000000' m20='-0.052336' m21='-0.000000' m22='-0.998629' m30='637.047852' m31='-45.277878' m32='1215.971802'/>
				<properties serialise_version='4' building_id='' starting_damage_unary='0.000000' on_fire='false' start_disabled='false' weak_point='false' ai_breachable='true' indestructible='false' dockable='true' toggleable='false' lite='false' clamp_to_surface='false' cast_shadows='true'/>
			</BUILDING>
			<BUILDING serialise_version='8' building_id='' parent_id='-1' building_key='obsidian_shard_02' position_type='BBPT_LF_RELATIVE' height_mode='BHM_ABSOLUTE'>
				<transform m00='-0.634447' m01='0.516490' m02='0.575078' m10='0.348078' m11='0.855188' m12='-0.384051' m20='-0.690158' m21='-0.043488' m22='-0.722351' m30='706.620422' m31='-22.918465' m32='1169.614624'/>
				<properties serialise_version='4' building_id='' starting_damage_unary='0.000000' on_fire='false' start_disabled='false' weak_point='false' ai_breachable='true' indestructible='false' dockable='true' toggleable='false' lite='false' clamp_to_surface='false' cast_shadows='true'/>
			</BUILDING>
			<BUILDING serialise_version='8' building_id='' parent_id='-1' building_key='obsidian_shard_01' position_type='BBPT_LF_RELATIVE' height_mode='BHM_ABSOLUTE'>
				<transform m00='0.622346' m01='-0.247363' m02='-0.742628' m10='0.266981' m11='0.958941' m12='-0.095676' m20='0.735803' m21='-0.138724' m22='0.662834' m30='667.681641' m31='2.810799' m32='1161.606567'/>
				<properties serialise_version='4' building_id='' starting_damage_unary='0.000000' on_fire='false' start_disabled='false' weak_point='false' ai_breachable='true' indestructible='false' dockable='true' toggleable='false' lite='false' clamp_to_surface='false' cast_shadows='true'/>
			</BUILDING>
			<BUILDING serialise_version='8' building_id='' parent_id='-1' building_key='obsidian_shard_03' position_type='BBPT_LF_RELATIVE' height_mode='BHM_ABSOLUTE'>
				<transform m00='-0.373117' m01='0.921794' m02='-0.105256' m10='0.924194' m11='0.359304' m12='-0.129479' m20='-0.081534' m21='-0.145587' m22='-0.985979' m30='705.165222' m31='-2.011620' m32='1243.214844'/>
				<properties serialise_version='4' building_id='' starting_damage_unary='0.000000' on_fire='false' start_disabled='false' weak_point='false' ai_breachable='true' indestructible='false' dockable='true' toggleable='false' lite='false' clamp_to_surface='false' cast_shadows='true'/>
			</BUILDING>
			<BUILDING serialise_version='8' building_id='' parent_id='-1' building_key='obsidian_shard_a' position_type='BBPT_LF_RELATIVE' height_mode='BHM_ABSOLUTE'>
				<transform m00='-0.815016' m01='0.383455' m02='-0.434409' m10='0.417014' m11='0.908686' m12='0.019720' m20='0.402303' m21='-0.165083' m22='-0.900500' m30='683.555969' m31='10.808533' m32='1214.625122'/>
				<properties serialise_version='4' building_id='' starting_damage_unary='0.000000' on_fire='false' start_disabled='false' weak_point='false' ai_breachable='true' indestructible='false' dockable='true' toggleable='false' lite='false' clamp_to_surface='false' cast_shadows='true'/>
			</BUILDING>
			<BUILDING serialise_version='8' building_id='' parent_id='-1' building_key='obsidian_shard_b' position_type='BBPT_LF_RELATIVE' height_mode='BHM_ABSOLUTE'>
				<transform m00='0.999496' m01='-0.026078' m02='0.018124' m10='-0.024401' m11='-0.265339' m12='0.963846' m20='-0.020326' m21='-0.963802' m22='-0.265842' m30='655.659363' m31='-14.257881' m32='1280.184937'/>
				<properties serialise_version='4' building_id='' starting_damage_unary='0.000000' on_fire='false' start_disabled='false' weak_point='false' ai_breachable='true' indestructible='false' dockable='true' toggleable='false' lite='false' clamp_to_surface='false' cast_shadows='true'/>
			</BUILDING>
			<BUILDING serialise_version='8' building_id='' parent_id='-1' building_key='obsidian_shard_c' position_type='BBPT_LF_RELATIVE' height_mode='BHM_ABSOLUTE'>
				<transform m00='0.606113' m01='-0.135641' m02='0.783727' m10='-0.729328' m11='0.298360' m12='0.615680' m20='-0.317344' m21='-0.944766' m22='0.081913' m30='585.003235' m31='-16.001740' m32='1222.236938'/>
				<properties serialise_version='4' building_id='' starting_damage_unary='0.000000' on_fire='false' start_disabled='false' weak_point='false' ai_breachable='true' indestructible='false' dockable='true' toggleable='false' lite='false' clamp_to_surface='false' cast_shadows='true'/>
			</BUILDING>
			<BUILDING serialise_version='8' building_id='' parent_id='-1' building_key='obsidian_shard_01' position_type='BBPT_LF_RELATIVE' height_mode='BHM_ABSOLUTE'>
				<transform m00='-0.203007' m01='-0.122043' m02='-0.971542' m10='-0.348157' m11='0.936361' m12='-0.044875' m20='0.915191' m21='0.329139' m22='-0.232578' m30='593.677124' m31='5.651527' m32='1187.757813'/>
				<properties serialise_version='4' building_id='' starting_damage_unary='0.000000' on_fire='false' start_disabled='false' weak_point='false' ai_breachable='true' indestructible='false' dockable='true' toggleable='false' lite='false' clamp_to_surface='false' cast_shadows='true'/>
			</BUILDING>
			<BUILDING serialise_version='8' building_id='' parent_id='-1' building_key='obsidian_shard_01' position_type='BBPT_LF_RELATIVE' height_mode='BHM_ABSOLUTE'>
				<transform m00='-0.034276' m01='0.009917' m02='0.999363' m10='0.124726' m11='0.992176' m12='-0.005568' m20='-0.991599' m21='0.124456' m22='-0.035245' m30='684.373108' m31='10.974915' m32='1199.255493'/>
				<properties serialise_version='4' building_id='' starting_damage_unary='0.000000' on_fire='false' start_disabled='false' weak_point='false' ai_breachable='true' indestructible='false' dockable='true' toggleable='false' lite='false' clamp_to_surface='false' cast_shadows='true'/>
			</BUILDING>
			<BUILDING serialise_version='8' building_id='' parent_id='-1' building_key='obsidian_shard_01' position_type='BBPT_LF_RELATIVE' height_mode='BHM_ABSOLUTE'>
				<transform m00='-0.324525' m01='0.003794' m02='0.945870' m10='0.507221' m11='0.844754' m12='0.170638' m20='-0.798380' m21='0.535141' m22='-0.276068' m30='722.151001' m31='-22.931320' m32='1217.951294'/>
				<properties serialise_version='4' building_id='' starting_damage_unary='0.000000' on_fire='false' start_disabled='false' weak_point='false' ai_breachable='true' indestructible='false' dockable='true' toggleable='false' lite='false' clamp_to_surface='false' cast_shadows='true'/>
			</BUILDING>
			<BUILDING serialise_version='8' building_id='' parent_id='-1' building_key='obsidian_shard_01' position_type='BBPT_LF_RELATIVE' height_mode='BHM_ABSOLUTE'>
				<transform m00='0.597081' m01='-0.162344' m02='0.785582' m10='-0.627195' m11='0.516073' m12='0.583347' m20='-0.500121' m21='-0.841019' m22='0.206316' m30='622.305420' m31='-3.849800' m32='1251.800659'/>
				<properties serialise_version='4' building_id='' starting_damage_unary='0.000000' on_fire='false' start_disabled='false' weak_point='false' ai_breachable='true' indestructible='false' dockable='true' toggleable='false' lite='false' clamp_to_surface='false' cast_shadows='true'/>
			</BUILDING>
			<BUILDING serialise_version='8' building_id='' parent_id='-1' building_key='obsidian_shard_01' position_type='BBPT_LF_RELATIVE' height_mode='BHM_ABSOLUTE'>
				<transform m00='-0.907445' m01='-0.378066' m02='-0.183325' m10='-0.299619' m11='0.276365' m12='0.913154' m20='-0.294568' m21='0.883565' m22='-0.364061' m30='691.862915' m31='-14.102432' m32='1274.187866'/>
				<properties serialise_version='4' building_id='' starting_damage_unary='0.000000' on_fire='false' start_disabled='false' weak_point='false' ai_breachable='true' indestructible='false' dockable='true' toggleable='false' lite='false' clamp_to_surface='false' cast_shadows='true'/>
			</BUILDING>
			<BUILDING serialise_version='8' building_id='' parent_id='-1' building_key='obsidian_shard_01' position_type='BBPT_LF_RELATIVE' height_mode='BHM_ABSOLUTE'>
				<transform m00='-0.809149' m01='-0.032208' m02='0.586720' m10='0.008225' m11='0.997778' m12='0.066116' m20='-0.587546' m21='0.058324' m22='-0.807086' m30='674.112122' m31='7.487434' m32='1254.346802'/>
				<properties serialise_version='4' building_id='' starting_damage_unary='0.000000' on_fire='false' start_disabled='false' weak_point='false' ai_breachable='true' indestructible='false' dockable='true' toggleable='false' lite='false' clamp_to_surface='false' cast_shadows='true'/>
			</BUILDING>
			<BUILDING serialise_version='8' building_id='' parent_id='-1' building_key='obsidian_shard_01' position_type='BBPT_LF_RELATIVE' height_mode='BHM_ABSOLUTE'>
				<transform m00='0.807493' m01='-0.137685' m02='-0.573583' m10='0.021905' m11='0.978706' m12='-0.204094' m20='0.589470' m21='0.152240' m22='0.793314' m30='640.428894' m31='9.086349' m32='1220.819092'/>
				<properties serialise_version='4' building_id='' starting_damage_unary='0.000000' on_fire='false' start_disabled='false' weak_point='false' ai_breachable='true' indestructible='false' dockable='true' toggleable='false' lite='false' clamp_to_surface='false' cast_shadows='true'/>
			</BUILDING>
			<BUILDING serialise_version='8' building_id='' parent_id='-1' building_key='obsidian_shard_01' position_type='BBPT_LF_RELATIVE' height_mode='BHM_ABSOLUTE'>
				<transform m00='-0.376463' m01='-0.855606' m02='-0.355266' m10='0.155512' m11='0.319675' m12='-0.934679' m20='0.913286' m21='-0.407121' m22='0.012712' m30='619.492310' m31='-7.170975' m32='1143.382935'/>
				<properties serialise_version='4' building_id='' starting_damage_unary='0.000000' on_fire='false' start_disabled='false' weak_point='false' ai_breachable='true' indestructible='false' dockable='true' toggleable='false' lite='false' clamp_to_surface='false' cast_shadows='true'/>
			</BUILDING>
			<BUILDING serialise_version='8' building_id='' parent_id='-1' building_key='chs_standing_02' position_type='BBPT_LF_RELATIVE' height_mode='BHM_ABSOLUTE'>
				<transform m00='0.000000' m01='1.000000' m02='0.000001' m10='0.000000' m11='-0.000000' m12='1.000000' m20='1.000000' m21='0.000000' m22='0.000000' m30='617.448730' m31='10.424433' m32='1021.237549'/>
				<properties serialise_version='4' building_id='' starting_damage_unary='0.000000' on_fire='false' start_disabled='false' weak_point='false' ai_breachable='true' indestructible='false' dockable='true' toggleable='false' lite='false' clamp_to_surface='false' cast_shadows='true'/>
			</BUILDING>
			<BUILDING serialise_version='8' building_id='' parent_id='-1' building_key='chs_standing_02' position_type='BBPT_LF_RELATIVE' height_mode='BHM_ABSOLUTE'>
				<transform m00='0.000000' m01='1.000000' m02='0.000001' m10='0.000000' m11='-0.000000' m12='1.000000' m20='1.000000' m21='0.000000' m22='0.000000' m30='624.032288' m31='6.240631' m32='1021.437988'/>
				<properties serialise_version='4' building_id='' starting_damage_unary='0.000000' on_fire='false' start_disabled='false' weak_point='false' ai_breachable='true' indestructible='false' dockable='true' toggleable='false' lite='false' clamp_to_surface='false' cast_shadows='true'/>
			</BUILDING>
			<BUILDING serialise_version='8' building_id='' parent_id='-1' building_key='chs_standing_02' position_type='BBPT_LF_RELATIVE' height_mode='BHM_ABSOLUTE'>
				<transform m00='0.000000' m01='1.000000' m02='0.000001' m10='0.000000' m11='-0.000000' m12='1.000000' m20='1.000000' m21='0.000000' m22='0.000000' m30='605.673889' m31='17.558905' m32='1021.237976'/>
				<properties serialise_version='4' building_id='' starting_damage_unary='0.000000' on_fire='false' start_disabled='false' weak_point='false' ai_breachable='true' indestructible='false' dockable='true' toggleable='false' lite='false' clamp_to_surface='false' cast_shadows='true'/>
			</BUILDING>
			<BUILDING serialise_version='8' building_id='' parent_id='-1' building_key='chs_standing_02' position_type='BBPT_LF_RELATIVE' height_mode='BHM_ABSOLUTE'>
				<transform m00='0.000000' m01='1.000000' m02='0.000001' m10='0.000000' m11='-0.000000' m12='1.000000' m20='1.000000' m21='0.000000' m22='0.000000' m30='616.482605' m31='11.089746' m32='1021.138000'/>
				<properties serialise_version='4' building_id='' starting_damage_unary='0.000000' on_fire='false' start_disabled='false' weak_point='false' ai_breachable='true' indestructible='false' dockable='true' toggleable='false' lite='false' clamp_to_surface='false' cast_shadows='true'/>
			</BUILDING>
			<BUILDING serialise_version='8' building_id='' parent_id='-1' building_key='chs_standing_02' position_type='BBPT_LF_RELATIVE' height_mode='BHM_ABSOLUTE'>
				<transform m00='0.000000' m01='1.000000' m02='0.000001' m10='0.000000' m11='-0.000000' m12='1.000000' m20='1.000000' m21='0.000000' m22='0.000000' m30='606.665344' m31='16.952841' m32='1021.437988'/>
				<properties serialise_version='4' building_id='' starting_damage_unary='0.000000' on_fire='false' start_disabled='false' weak_point='false' ai_breachable='true' indestructible='false' dockable='true' toggleable='false' lite='false' clamp_to_surface='false' cast_shadows='true'/>
			</BUILDING>
			<BUILDING serialise_version='8' building_id='' parent_id='-1' building_key='chs_standing_02' position_type='BBPT_LF_RELATIVE' height_mode='BHM_ABSOLUTE'>
				<transform m00='0.000000' m01='1.000000' m02='0.000001' m10='0.000000' m11='-0.000000' m12='1.000000' m20='1.000000' m21='0.000000' m22='0.000000' m30='601.845825' m31='19.948275' m32='1021.338013'/>
				<properties serialise_version='4' building_id='' starting_damage_unary='0.000000' on_fire='false' start_disabled='false' weak_point='false' ai_breachable='true' indestructible='false' dockable='true' toggleable='false' lite='false' clamp_to_surface='false' cast_shadows='true'/>
			</BUILDING>
			<BUILDING serialise_version='8' building_id='' parent_id='-1' building_key='chs_standing_02' position_type='BBPT_LF_RELATIVE' height_mode='BHM_ABSOLUTE'>
				<transform m00='0.000000' m01='1.000000' m02='0.000001' m10='0.000000' m11='-0.000000' m12='1.000000' m20='1.000000' m21='0.000000' m22='0.000000' m30='595.992432' m31='23.588037' m32='1021.237976'/>
				<properties serialise_version='4' building_id='' starting_damage_unary='0.000000' on_fire='false' start_disabled='false' weak_point='false' ai_breachable='true' indestructible='false' dockable='true' toggleable='false' lite='false' clamp_to_surface='false' cast_shadows='true'/>
			</BUILDING>
			<BUILDING serialise_version='8' building_id='' parent_id='-1' building_key='chs_standing_02' position_type='BBPT_LF_RELATIVE' height_mode='BHM_ABSOLUTE'>
				<transform m00='0.000000' m01='1.000000' m02='0.000001' m10='0.000000' m11='-0.000000' m12='1.000000' m20='1.000000' m21='0.000000' m22='0.000000' m30='615.578247' m31='11.542421' m32='1021.338013'/>
				<properties serialise_version='4' building_id='' starting_damage_unary='0.000000' on_fire='false' start_disabled='false' weak_point='false' ai_breachable='true' indestructible='false' dockable='true' toggleable='false' lite='false' clamp_to_surface='false' cast_shadows='true'/>
			</BUILDING>
			<BUILDING serialise_version='8' building_id='' parent_id='-1' building_key='chs_standing_02' position_type='BBPT_LF_RELATIVE' height_mode='BHM_ABSOLUTE'>
				<transform m00='0.000000' m01='1.000000' m02='0.000001' m10='0.000000' m11='-0.000000' m12='1.000000' m20='1.000000' m21='0.000000' m22='0.000000' m30='597.950012' m31='22.316656' m32='1021.138000'/>
				<properties serialise_version='4' building_id='' starting_damage_unary='0.000000' on_fire='false' start_disabled='false' weak_point='false' ai_breachable='true' indestructible='false' dockable='true' toggleable='false' lite='false' clamp_to_surface='false' cast_shadows='true'/>
			</BUILDING>
			<BUILDING serialise_version='8' building_id='' parent_id='-1' building_key='chs_standing_02' position_type='BBPT_LF_RELATIVE' height_mode='BHM_ABSOLUTE'>
				<transform m00='0.000000' m01='1.000000' m02='0.000001' m10='0.000000' m11='-0.000000' m12='1.000000' m20='1.000000' m21='0.000000' m22='0.000000' m30='620.178894' m31='8.570753' m32='1021.138000'/>
				<properties serialise_version='4' building_id='' starting_damage_unary='0.000000' on_fire='false' start_disabled='false' weak_point='false' ai_breachable='true' indestructible='false' dockable='true' toggleable='false' lite='false' clamp_to_surface='false' cast_shadows='true'/>
			</BUILDING>
			<BUILDING serialise_version='8' building_id='' parent_id='-1' building_key='chs_standing_02' position_type='BBPT_LF_RELATIVE' height_mode='BHM_ABSOLUTE'>
				<transform m00='0.000000' m01='1.000000' m02='0.000001' m10='0.000000' m11='-0.000000' m12='1.000000' m20='1.000000' m21='0.000000' m22='0.000000' m30='610.629211' m31='14.729506' m32='1021.437988'/>
				<properties serialise_version='4' building_id='' starting_damage_unary='0.000000' on_fire='false' start_disabled='false' weak_point='false' ai_breachable='true' indestructible='false' dockable='true' toggleable='false' lite='false' clamp_to_surface='false' cast_shadows='true'/>
			</BUILDING>
			<BUILDING serialise_version='8' building_id='' parent_id='-1' building_key='chs_standing_02' position_type='BBPT_LF_RELATIVE' height_mode='BHM_ABSOLUTE'>
				<transform m00='0.000000' m01='1.000000' m02='0.000001' m10='0.000000' m11='-0.000000' m12='1.000000' m20='1.000000' m21='0.000000' m22='0.000000' m30='600.811951' m31='20.592600' m32='1021.138000'/>
